-38.365,-288.245,-60.339,-285.422,-78.557,-282.414,-94.527,-279.420,-106.182,-276.414,-113.910,-273.387,-121.418,-270.388,-129.354,-267.346,-135.535,-264.350,-141.608,-261.314,-147.681,-258.301,-153.754,-255.281,-159.827,-252.253,-165.920,-249.229,-173.500,-244.684,-180.169,-241.095,-186.316,-237.983,-194.147,-233.222,-201.598,-228.827,-210.664,-222.822,-219.739,-216.825,-227.220,-212.382,-233.867,-208.815,-241.546,-204.174,-250.299,-198.499,-266.174,-184.989,-280.930,-168.036,-286.408,-162.103,-292.759,-153.283,-301.780,-141.298,-307.936,-132.118,-312.418,-124.644,-316.335,-117.709,-319.383,-111.647,-322.439,-105.585,-326.214,-98.610,-330.660,-89.333,-333.687,-83.174,-336.752,-76.639,-339.792,-68.915,-342.845,-60.784,-345.903,-51.699,-348.942,-42.592,-352.017,-33.510,-355.047,-22.958,-358.122,-13.207,-361.164,-2.908,-364.225,7.459,-367.284,18.290,-370.330,29.273,-373.408,41.357,-376.442,53.535,-379.525,65.615,-382.569,77.772,-385.637,90.645,-388.704,106.132,-391.755,118.635,-394.838,134.021,-397.890,151.244,-403.387,176.850,-404.944,187.517,-402.917,238.632,-401.891,277.414,-398.905,293.962,-395.882,305.739,-392.894,316.590,-389.863,329.239,-386.879,342.949,-383.860,355.514,-380.861,369.306,-377.857,381.502,-374.838,393.619,-371.849,405.651,-368.813,415.873,-365.822,425.162,-362.792,433.509,-359.782,441.461,-356.763,447.580,-353.732,453.654,-349.958,460.501,-342.050,471.458,-326.855,489.615,-308.283,506.722,-291.050,520.983,-278.671,530.376,-268.436,537.622,-259.382,543.660,-251.786,548.270,-243.307,553.721,-235.581,558.461,-229.069,561.948,-219.904,567.763,-209.394,573.575,-202.039,577.848,-194.540,582.359,-186.616,587.251,-179.095,591.787,-172.269,595.588,-165.108,599.746,-158.037,603.809,-151.121,607.706,-143.806,612.030,-137.128,615.671,-128.195,621.628,-121.391,625.403,-114.191,629.604,-107.162,633.622,-101.097,636.664,-94.265,639.727,-86.744,642.754,-78.256,645.830,-69.143,648.863,-59.640,651.929,-48.845,654.981,-37.485,658.035,-24.409,661.108,-12.077,664.148,-1.304,667.229,10.750,670.265,22.851,673.339,36.089,676.394,50.240,679.456,105.055,682.616,223.468,685.849,345.070,685.985,426.863,683.161,454.720,680.170,465.038,677.168,473.209,674.151,481.381,671.128,487.522,668.123,494.240,665.081,501.772,662.089,507.859,659.049,513.932,656.040,520.005,653.016,526.078,649.992,532.151,646.983,538.225,643.942,544.880,640.368,552.472,635.813,558.570,632.781,565.849,628.554,577.207,620.270,596.242,604.352,619.210,584.491,631.194,575.605,636.098,571.893,645.570,564.153,663.342,547.110,678.762,528.815,688.336,516.261,693.637,507.941,698.302,500.292,702.467,493.093,707.072,485.496,710.136,478.236,713.187,471.237,716.238,465.137,719.276,457.281,722.347,448.892,725.372,441.200,728.446,432.648,731.481,425.115,734.539,416.433,737.590,409.030,740.633,399.986,743.703,390.911,746.730,381.887,749.804,374.677,752.837,366.989,755.896,359.156,758.944,351.734,761.989,342.943,765.053,335.649,768.082,326.727,771.156,319.516,774.189,310.550,777.253,301.468,780.303,292.372,783.351,283.273,786.416,274.193,789.448,265.079,792.526,256.010,795.557,246.895,798.625,236.929,801.687,220.767,804.698,191.846,804.128,165.125,801.201,127.120,798.190,104.755,795.217,87.912,792.196,74.772,789.191,65.412,786.176,56.308,783.153,48.089,780.152,40.200,777.113,31.764,774.114,25.507,769.791,16.327,765.962,9.212,762.936,3.136,759.911,-2.937,756.904,-9.214,753.867,-17.125,750.875,-24.733,747.835,-31.975,744.835,-40.833,741.811,-48.213,738.792,-55.981,735.782,-62.115,732.744,-68.188,729.749,-74.261,726.704,-80.334,723.696,-86.411,719.547,-93.609,715.219,-100.995,709.569,-109.717,703.309,-119.028,694.194,-131.245,681.910,-146.588,664.909,-163.994,650.483,-175.508,633.234,-189.789,603.752,-216.349,593.716,-222.582,584.670,-225.622,575.597,-228.700,565.079,-231.734,552.562,-234.808,536.416,-237.870,512.224,-240.952,449.251,-244.128,387.906,-245.853,325.005,-246.245,296.621,-249.301,279.115,-252.388,258.481,-255.457,232.633,-258.546,208.068,-261.639,185.810,-264.704,169.041,-267.797,153.819,-270.838,141.699,-273.916,129.490,-276.964,114.991,-280.031,98.063,-283.106,79.191,-286.166,38.708,-289.165
-204.863,-186.505,-256.286,-184.456,-297.090,-182.285,-329.107,-180.114,-355.209,-177.943,-381.725,-175.773,-394.783,-173.602,-403.504,-171.431,-411.693,-169.260,-416.313,-167.089,-422.496,-164.919,-427.059,-162.748,-433.241,-160.577,-437.804,-158.406,-443.986,-156.236,-448.301,-154.065,-452.615,-151.920,-458.846,-147.859,-469.088,-139.788,-479.246,-130.892,-482.501,-126.441,-487.112,-121.515,-496.743,-109.750,-503.919,-100.440,-511.172,-91.052,-515.515,-84.574,-519.857,-78.098,-524.198,-71.622,-528.539,-65.146,-531.907,-59.645,-535.104,-54.312,-538.367,-48.916,-540.538,-44.610,-542.709,-40.304,-544.879,-35.999,-547.050,-31.534,-549.221,-25.352,-551.392,-20.789,-553.562,-14.606,-555.733,-10.043,-557.904,-3.662,-560.075,2.778,-562.246,9.218,-564.416,15.882,-566.587,24.198,-568.758,30.896,-570.929,39.708,-573.070,50.503,-575.205,61.664,-577.339,75.047,-579.474,90.654,-581.530,113.477,-579.816,153.022,-577.682,185.910,-575.547,213.438,-574.120,232.375,-573.396,243.526,-571.262,267.363,-569.128,290.341,-566.993,311.097,-564.858,331.566,-562.724,350.176,-560.589,365.336,-558.455,380.495,-556.320,393.300,-554.186,402.891,-552.051,412.818,-549.916,422.302,-547.782,429.565,-545.647,437.477,-543.513,443.147,-541.378,448.993,-539.243,455.469,-537.109,460.300,-534.974,464.606,-532.609,470.891,-528.598,479.243,-525.959,484.370,-519.488,492.987,-513.534,500.724,-496.324,515.999,-490.366,519.787,-482.269,525.713,-475.664,530.148,-471.101,532.540,-464.856,536.613,-457.715,540.883,-449.937,545.074,-445.459,547.380,-441.154,549.515,-436.848,551.649,-431.581,553.784,-426.119,555.918,-421.814,558.053,-417.508,560.187,-413.202,562.322,-407.675,564.457,-401.200,566.591,-396.049,568.726,-390.366,570.860,-385.320,572.995,-379.531,575.129,-371.521,577.264,-364.461,579.399,-357.981,581.533,-343.037,583.668,-294.326,585.343,-218.189,583.250,-158.226,581.115,-107.974,578.960,-68.307,576.789,-31.725,574.618,6.710,572.448,59.685,570.277,168.984,568.106,210.991,565.935,239.245,563.765,263.069,561.594,284.786,559.423,310.007,557.252,333.781,555.081,359.881,552.911,397.883,550.740,444.434,548.569,492.683,546.398,529.225,544.228,557.337,542.057,582.949,539.886,606.409,537.715,627.884,535.544,649.094,533.374,668.238,531.203,685.231,529.032,700.074,526.861,712.971,524.691,725.814,522.520,738.217,520.349,747.078,518.178,757.766,516.007,768.231,513.837,777.114,511.682,787.607,509.547,796.255,507.413,805.330,505.278,815.187,503.143,822.196,501.009,830.842,498.874,838.853,496.740,845.330,494.605,851.806,492.470,857.490,490.336,861.796,488.201,866.997,486.067,872.524,483.932,876.830,481.798,881.136,479.663,885.441,477.528,889.886,475.254,896.068,471.243,900.631,468.850,906.814,464.839,911.548,462.275,919.787,456.207,926.297,451.868,934.301,446.033,954.182,425.176,958.610,418.578,960.782,414.234,962.917,409.929,965.287,405.387,969.298,397.371,971.451,390.896,973.621,382.545,975.792,370.179,977.963,357.226,980.134,334.055,981.253,168.303,979.084,56.099,976.913,25.015,974.742,7.465,972.572,-5.594,970.401,-14.435,968.230,-20.950,966.059,-25.514,962.946,-32.638,957.611,-40.250,952.577,-46.249,939.791,-55.892,931.690,-58.502,924.245,-60.637,915.260,-62.772,907.056,-64.906,897.861,-67.041,887.045,-69.175,877.689,-71.310,866.012,-73.445,854.590,-75.579,842.153,-77.714,829.165,-79.848,816.176,-81.983,801.412,-84.117,786.254,-86.252,772.999,-88.393,758.268,-90.564,743.308,-92.735,730.207,-94.906,715.486,-97.076,702.469,-99.247,691.502,-101.418,678.858,-103.589,666.081,-105.760,655.040,-107.930,640.413,-110.101,625.525,-112.272,612.129,-114.443,591.248,-116.613,567.534,-118.784,537.777,-120.955,503.714,-123.126,468.061,-125.297,439.973,-127.467,414.679,-129.638,395.144,-131.809,375.727,-133.980,353.537,-136.150,321.100,-138.321,279.989,-140.492,232.291,-142.663,195.887,-144.834,162.745,-147.004,139.067,-149.175,116.018,-151.346,96.979,-153.517,79.592,-155.685,60.701,-157.820,45.183,-159.954,27.854,-162.089,11.445,-164.224,-1.545,-166.358,-13.968,-168.493,-24.787,-170.627,-34.936,-172.762,-43.583,-174.896,-53.003,-177.031,-62.996,-179.166,-74.274,-181.300,-88.504,-183.435,-105.430,-185.569,-153.246,-187.583
350.535,-344.807,110.743,-366.273,-16.408,-376.040,-64.301,-377.706,-96.884,-377.792,-124.050,-377.333,-146.316,-376.365,-165.649,-375.102,-184.711,-373.809,-207.796,-372.927,-232.320,-372.195,-256.877,-371.461,-278.438,-370.429,-293.390,-368.709,-303.789,-366.526,-313.952,-362.907,-323.079,-359.903,-330.479,-357.405,-337.424,-354.880,-345.967,-352.502,-352.877,-349.930,-361.367,-345.956,-372.283,-340.007,-400.248,-318.272,-427.572,-293.246,-443.300,-279.155,-464.589,-260.088,-481.224,-243.607,-489.818,-233.662,-497.124,-224.775,-501.936,-217.907,-505.815,-211.812,-509.675,-205.718,-513.554,-199.625,-517.413,-193.530,-521.291,-187.437,-525.153,-181.340,-529.115,-174.396,-533.106,-167.065,-536.979,-160.963,-540.847,-154.864,-544.823,-147.726,-548.801,-140.582,-552.803,-133.164,-557.174,-122.201,-561.546,-111.146,-566.755,-92.035,-580.419,9.784,-591.051,81.838,-597.833,116.712,-602.677,164.263,-601.175,180.952,-599.270,194.121,-597.382,207.305,-595.385,219.552,-593.207,229.929,-591.154,241.592,-588.901,251.271,-586.499,259.500,-584.049,267.276,-581.499,274.033,-578.941,280.784,-576.393,287.535,-573.730,294.413,-569.577,303.138,-566.840,310.105,-563.715,317.569,-559.707,326.095,-555.504,334.883,-551.465,343.449,-547.671,351.731,-543.990,359.862,-540.591,367.657,-536.998,375.682,-533.510,383.581,-529.634,391.958,-524.600,401.753,-520.703,410.158,-515.623,420.008,-511.772,428.359,-506.540,438.392,-500.575,449.343,-492.393,462.996,-484.688,476.085,-476.123,490.207,-466.848,504.158,-461.521,511.814,-455.582,520.228,-440.469,539.201,-423.594,556.521,-413.038,565.873,-402.564,575.120,-393.524,582.607,-384.627,589.922,-377.194,595.431,-368.570,602.413,-361.182,607.865,-352.514,614.904,-345.179,620.287,-337.760,625.796,-330.857,630.463,-320.351,637.719,-313.376,642.272,-305.515,646.329,-299.025,650.233,-290.225,654.383,-280.912,658.580,-270.513,662.891,-257.653,667.453,-241.004,672.401,-218.545,677.949,-190.311,684.081,-165.958,689.825,-145.057,695.203,-122.390,700.778,-98.701,706.439,-76.558,711.962,-51.216,717.792,-24.474,723.784,7.571,730.303,44.371,737.323,91.169,745.355,149.173,753.870,192.706,756.011,222.534,755.820,248.198,755.202,271.291,754.324,291.881,753.184,311.500,751.953,331.074,750.706,350.581,749.466,368.327,748.030,386.357,746.641,404.545,745.248,419.783,743.573,436.544,742.037,449.959,740.172,462.253,738.181,473.593,736.101,482.319,733.747,492.192,731.514,501.091,729.180,509.596,726.805,517.853,724.408,525.542,721.947,533.553,719.527,541.137,717.052,547.890,714.507,554.654,711.945,563.566,708.969,572.731,705.026,581.489,700.847,588.631,697.969,598.300,693.046,608.593,687.604,617.846,683.017,626.867,678.613,636.009,674.114,644.683,669.995,653.276,665.941,664.865,659.451,675.110,654.049,686.895,647.403,700.604,639.177,716.413,629.256,732.188,619.347,762.624,597.241,807.548,558.899,822.845,543.493,835.403,530.331,845.396,519.246,854.668,508.758,862.593,499.358,870.000,490.385,876.247,482.355,882.506,474.314,888.646,466.373,894.488,458.581,900.235,449.367,905.052,442.257,908.991,435.583,913.004,427.988,916.887,421.863,920.896,414.297,924.837,407.589,928.721,401.270,932.782,393.368,936.818,385.599,940.836,378.084,944.857,370.479,949.005,361.678,953.033,354.030,957.191,345.094,961.392,335.792,965.586,326.482,969.842,316.663,974.068,307.012,978.383,296.651,982.749,285.609,987.214,273.803,992.133,263.890,994.675,254.793,998.083,241.930,1003.312,222.540,1010.924,161.090,1011.245,128.139,1009.184,116.588,1006.845,107.737,1004.298,100.911,1001.740,94.152,998.116,86.089,993.834,77.210,987.034,65.250,977.306,49.679,961.566,26.742,938.037,-5.482,928.564,-16.549,893.831,-58.758,868.349,-86.472,849.925,-105.478,831.760,-124.178,810.513,-146.654,790.382,-167.766,769.545,-189.740,753.263,-206.122,739.990,-218.810,730.025,-227.430,721.131,-234.743,714.195,-239.640,706.928,-244.958,700.131,-249.682,694.025,-253.563,686.483,-257.570,679.751,-261.515,673.429,-265.426,663.355,-271.249,653.812,-276.019,646.302,-280.038,638.683,-284.060,629.902,-288.206,622.240,-292.235,614.492,-296.273,607.879,-300.197,598.815,-304.367,587.252,-308.800,572.065,-313.595,554.412,-318.655,528.892,-324.504,474.925,-333.140
152.058,-241.092,117.424,-238.134,83.918,-235.004,50.961,-231.903,12.512,-228.778,-18.331,-225.672,-39.022,-222.552,-57.661,-219.441,-74.659,-216.327,-91.919,-213.211,-107.572,-210.101,-124.050,-206.980,-142.454,-203.875,-159.304,-200.749,-177.776,-197.649,-193.848,-194.518,-207.763,-191.423,-217.721,-188.290,-227.081,-185.193,-236.409,-182.064,-245.763,-178.962,-255.096,-175.838,-264.445,-172.731,-273.783,-169.612,-283.128,-166.500,-292.118,-163.386,-298.736,-160.270,-304.965,-157.161,-311.452,-153.780,-320.556,-148.025,-333.259,-140.223,-343.951,-132.755,-356.343,-123.459,-371.100,-111.616,-385.681,-95.236,-393.230,-84.558,-396.814,-77.873,-402.192,-69.370,-407.146,-61.310,-410.729,-54.607,-416.590,-45.636,-420.759,-38.351,-423.876,-32.119,-426.993,-25.891,-430.101,-19.660,-433.224,-12.585,-436.327,-4.878,-439.455,3.907,-442.553,11.753,-445.686,21.123,-448.781,30.610,-451.912,41.142,-455.011,52.103,-458.138,65.535,-461.242,82.974,-464.213,111.745,-463.863,139.713,-464.045,150.295,-461.042,161.936,-457.930,181.455,-454.811,199.106,-451.704,212.906,-448.580,225.317,-445.478,236.041,-442.350,244.634,-439.253,250.963,-436.008,257.929,-431.051,268.934,-427.676,276.100,-422.763,284.143,-419.430,290.578,-416.325,296.807,-413.131,303.108,-408.306,311.051,-404.860,317.610,-401.745,323.893,-398.634,331.762,-395.514,338.414,-392.408,344.642,-389.283,350.870,-386.159,357.312,-381.511,367.587,-377.838,375.904,-374.705,382.140,-371.608,388.368,-368.383,394.692,-363.478,402.724,-360.051,409.255,-354.732,417.696,-348.495,427.042,-341.876,436.777,-331.769,449.991,-290.248,492.535,-272.884,506.915,-263.532,513.159,-254.232,519.336,-246.644,523.821,-240.410,526.927,-234.182,530.058,-227.953,533.153,-221.725,536.286,-215.497,539.384,-208.734,542.512,-200.953,545.614,-194.221,548.738,-186.316,551.845,-178.319,554.964,-170.691,558.076,-163.079,561.190,-155.097,564.307,-146.891,567.416,-138.428,570.537,-130.544,573.641,-123.018,576.768,-113.919,579.867,-106.442,582.999,-97.297,586.094,-89.831,589.227,-80.720,592.325,-72.678,595.452,-61.976,598.555,-52.602,601.678,-42.094,604.786,-31.402,607.904,-19.280,611.017,-6.821,614.130,5.629,617.248,18.372,620.356,32.605,623.478,46.733,626.582,60.449,629.709,75.971,632.807,92.144,635.940,116.206,639.021,205.566,639.153,236.195,636.090,253.863,632.964,271.040,629.859,286.625,626.738,302.142,623.629,316.004,620.512,331.227,617.398,346.804,614.286,362.361,611.167,377.691,608.060,391.463,604.936,406.781,601.834,419.768,598.706,433.762,595.608,446.776,592.475,459.271,589.380,471.688,586.249,482.847,583.149,494.496,580.023,506.969,576.918,519.407,573.798,530.755,570.688,541.842,567.572,552.558,564.457,563.312,561.346,574.384,558.226,583.811,555.120,593.143,551.995,602.310,548.894,609.792,545.765,617.556,542.668,625.664,539.535,633.428,536.439,640.358,533.309,646.587,530.208,652.821,527.083,660.704,523.523,669.458,518.787,675.738,515.628,681.966,512.513,688.525,509.067,696.514,504.196,704.691,499.127,713.182,493.758,721.264,488.779,731.339,481.832,743.293,472.817,749.875,466.527,773.033,443.197,784.816,428.343,791.770,418.260,796.653,410.275,799.789,404.015,802.910,397.787,806.020,391.490,809.136,383.563,812.251,375.956,815.362,368.320,818.481,359.356,821.588,347.892,824.712,332.779,827.814,313.487,830.943,289.259,834.040,267.506,837.173,249.505,840.269,233.757,843.399,217.689,846.499,201.764,849.625,185.204,852.730,168.154,856.641,153.434,861.551,147.977,858.203,136.831,854.724,89.546,851.613,67.706,848.493,56.629,845.353,48.755,840.665,39.174,837.021,32.312,832.225,24.418,826.041,15.101,819.452,5.417,805.963,-11.204,784.286,-35.967,719.187,-101.427,670.758,-146.813,656.821,-157.628,650.008,-161.333,643.779,-164.444,637.196,-167.559,629.272,-170.675,622.682,-173.785,614.671,-176.906,606.552,-180.010,597.253,-183.137,589.424,-186.236,580.663,-189.367,571.301,-192.462,561.971,-195.595,551.234,-198.693,540.111,-201.821,526.110,-204.924,509.628,-208.047,491.359,-211.155,471.795,-214.273,453.100,-217.385,434.413,-220.499,415.740,-223.616,397.028,-226.725,376.554,-229.847,349.074,-232.950,312.401,-236.078,278.993,-239.176,227.623,-242.171
208.835,-458.112,142.885,-454.625,79.615,-450.884,21.514,-447.129,-38.987,-443.380,-101.552,-439.638,-160.025,-435.883,-206.263,-432.096,-241.531,-428.278,-265.814,-424.430,-282.324,-420.561,-297.994,-416.690,-313.670,-412.818,-330.450,-408.950,-348.043,-405.084,-366.388,-401.219,-384.727,-397.355,-400.441,-393.484,-415.751,-389.612,-428.473,-385.732,-441.762,-381.854,-451.949,-377.968,-462.690,-374.083,-471.627,-369.983,-482.687,-364.379,-493.056,-359.401,-504.582,-352.523,-514.403,-346.661,-524.600,-340.423,-536.059,-332.931,-547.265,-325.690,-559.844,-317.084,-572.507,-308.393,-588.706,-296.187,-614.494,-274.091,-645.095,-242.145,-653.936,-229.462,-659.873,-219.074,-664.771,-208.818,-668.712,-200.939,-672.652,-191.893,-676.593,-181.985,-680.539,-170.417,-684.488,-157.921,-688.445,-142.465,-692.417,-118.827,-695.159,14.901,-697.183,188.783,-694.855,266.463,-691.056,355.581,-687.220,384.335,-683.369,407.538,-679.505,425.684,-675.633,441.388,-671.759,455.856,-667.881,469.448,-664.002,482.124,-660.118,493.444,-656.234,504.295,-652.342,512.633,-648.387,520.811,-642.862,532.009,-638.534,540.408,-633.213,549.683,-625.887,560.975,-615.713,575.130,-596.948,597.923,-561.612,636.826,-525.990,670.362,-503.382,689.174,-489.682,699.025,-479.592,705.246,-469.041,711.930,-459.232,717.867,-448.453,724.517,-435.657,731.738,-427.254,736.130,-419.028,740.395,-406.635,747.263,-397.487,752.170,-389.664,756.110,-381.846,760.046,-373.453,764.560,-364.149,769.990,-355.986,774.273,-346.475,779.911,-338.548,783.956,-330.730,787.892,-322.912,791.828,-314.902,795.764,-305.365,799.705,-296.436,803.644,-283.950,807.592,-273.274,811.536,-261.225,815.483,-247.816,819.434,-234.703,823.385,-220.137,827.339,-205.655,831.293,-189.402,835.252,-172.235,839.214,-153.365,843.180,-131.417,847.154,-103.925,851.144,-67.494,855.110,28.552,856.056,68.685,852.380,91.751,848.529,109.418,844.663,125.276,840.792,137.225,836.910,148.976,833.028,160.002,829.144,169.809,825.256,180.032,821.370,190.347,817.484,200.164,813.596,209.993,809.709,219.821,805.821,229.643,801.934,239.397,798.046,248.114,794.156,257.574,790.267,266.693,786.378,275.408,782.487,284.125,778.597,293.891,774.709,303.688,770.822,313.512,766.934,324.387,763.050,334.439,759.163,346.248,755.281,360.575,751.406,374.547,747.529,389.896,743.657,405.590,739.786,422.623,735.918,440.429,732.053,458.716,728.188,474.566,724.317,490.234,720.446,505.355,716.573,519.072,712.696,531.440,708.816,544.587,704.937,559.123,701.063,572.781,697.186,585.449,693.306,599.183,689.429,614.772,685.558,632.627,681.692,653.385,677.835,676.239,673.983,703.162,670.142,727.100,666.293,748.469,662.438,768.086,658.577,787.406,654.716,805.071,650.850,822.519,646.983,837.596,643.110,851.722,639.234,863.991,635.354,875.815,631.472,884.601,627.581,894.163,623.693,903.676,619.365,916.287,613.571,926.153,607.927,934.271,603.757,944.803,597.187,956.678,589.281,973.683,576.261,1002.975,548.880,1022.409,526.064,1031.684,512.936,1038.602,502.151,1043.786,493.092,1047.729,485.259,1051.668,476.334,1055.607,467.398,1059.550,457.104,1063.493,446.456,1067.438,435.162,1071.387,422.522,1075.336,410.119,1079.284,398.011,1083.245,380.763,1087.218,359.356,1091.248,317.394,1095.208,188.893,1094.382,3.070,1090.599,-39.166,1086.754,-64.562,1082.896,-85.094,1079.021,-99.690,1075.139,-111.420,1071.253,-121.639,1067.282,-131.520,1061.732,-142.775,1057.481,-151.077,1053.587,-158.916,1049.694,-166.756,1045.802,-174.595,1041.766,-182.578,1035.374,-192.931,1029.241,-203.022,1022.320,-213.907,1015.701,-224.488,1006.005,-238.162,990.347,-257.745,970.784,-278.198,954.518,-293.063,937.847,-305.968,925.128,-314.831,914.357,-321.737,905.608,-326.609,896.362,-331.975,885.686,-337.845,874.496,-344.009,866.608,-348.007,858.790,-351.943,850.624,-355.879,841.133,-359.820,833.042,-363.756,823.505,-367.697,814.668,-371.636,803.262,-375.581,793.018,-379.524,780.428,-383.473,767.772,-387.422,752.873,-391.377,735.515,-395.339,719.655,-399.297,704.561,-403.253,689.305,-407.209,673.348,-411.167,657.061,-415.126,640.163,-419.087,620.880,-423.054,603.023,-427.018,583.753,-430.985,564.163,-434.953,543.209,-438.925,521.232,-442.899,491.718,-446.895,437.026,-450.959,356.424,-455.095,286.718,-458.953
487.500,-503.927,466.085,-500.017,448.961,-495.824,433.121,-491.629,417.701,-487.433,404.428,-483.234,390.908,-479.035,377.199,-474.836,364.534,-470.636,352.704,-466.435,339.414,-462.236,328.420,-458.033,315.329,-453.834,304.156,-449.631,291.700,-445.431,279.046,-441.231,267.426,-437.029,255.806,-432.827,243.162,-428.627,231.542,-424.425,219.932,-420.224,208.322,-416.022,196.712,-411.820,185.103,-407.618,173.692,-403.416,162.728,-399.214,150.284,-395.013,138.663,-390.811,127.054,-386.610,115.245,-382.408,102.979,-378.208,91.170,-374.006,79.570,-369.804,69.005,-365.601,58.450,-361.398,47.895,-357.194,37.340,-352.991,26.785,-348.788,16.220,-344.584,4.820,-340.382,-6.144,-336.180,-18.600,-331.979,-31.474,-327.779,-45.839,-323.582,-59.758,-319.384,-73.676,-315.185,-87.822,-310.998,-97.750,-307.838,-107.668,-304.678,-120.758,-300.489,-132.389,-296.287,-144.188,-292.086,-155.787,-287.884,-166.342,-283.681,-176.052,-279.476,-186.198,-275.272,-195.062,-271.066,-205.198,-266.862,-213.864,-262.655,-224.170,-257.847,-238.373,-250.640,-249.238,-245.284,-260.235,-239.576,-268.747,-235.314,-277.192,-231.107,-285.637,-226.901,-294.084,-222.693,-303.078,-217.939,-313.030,-212.231,-321.588,-207.912,-331.595,-202.147,-342.096,-195.892,-351.093,-191.135,-360.090,-186.379,-370.591,-180.122,-381.150,-173.809,-391.764,-167.439,-403.885,-159.569,-416.611,-151.094,-430.847,-141.114,-446.903,-129.321,-471.524,-108.986,-496.156,-87.932,-516.019,-69.884,-557.199,-29.660,-575.227,-9.747,-595.362,14.475,-605.528,28.823,-609.881,37.804,-614.120,50.892,-618.361,65.017,-622.607,82.514,-626.853,100.004,-631.104,120.675,-635.356,141.996,-639.614,167.317,-643.879,198.841,-646.997,271.935,-644.109,350.267,-639.946,385.377,-635.769,413.288,-631.584,436.075,-627.398,458.014,-623.208,477.227,-619.018,496.221,-614.827,515.215,-610.637,534.209,-606.446,553.202,-602.255,571.976,-598.061,588.214,-593.864,603.425,-589.662,614.409,-585.458,624.954,-581.252,634.676,-576.503,646.625,-570.799,659.531,-566.539,669.297,-562.334,678.787,-558.127,687.253,-553.922,696.743,-549.717,706.232,-545.454,714.744,-539.746,724.696,-534.991,733.691,-530.236,742.687,-524.471,752.695,-518.593,762.817,-510.174,775.488,-498.526,791.376,-467.678,824.011,-445.622,842.349,-432.905,850.879,-421.819,857.774,-411.827,863.570,-403.328,867.858,-393.841,872.092,-383.309,876.328,-372.557,880.563,-360.105,884.802,-346.189,889.042,-329.317,893.288,-309.217,897.538,-274.145,901.695,-181.020,901.837,-120.594,897.825,-83.548,893.662,-44.896,889.501,5.125,885.358,62.897,881.227,121.933,877.097,177.679,872.963,232.967,868.827,291.134,864.697,338.807,860.550,375.754,856.387,404.472,852.211,428.751,848.029,450.064,843.842,470.113,839.653,488.918,835.462,507.056,831.270,524.995,827.078,542.933,822.886,560.663,818.694,576.911,814.499,594.840,810.307,613.645,806.116,633.913,801.927,657.961,797.745,683.054,793.564,705.201,789.378,723.140,785.186,737.290,780.988,751.655,776.790,764.529,772.591,777.194,768.390,789.848,764.190,801.468,759.989,812.879,755.787,823.623,751.583,833.333,747.379,843.479,743.175,852.400,738.913,864.041,733.207,873.245,728.454,881.750,724.188,892.306,717.876,904.485,709.948,919.442,699.249,942.833,679.703,965.844,655.074,976.133,640.624,981.989,630.573,986.278,622.084,990.511,613.432,994.747,602.254,998.983,591.303,1003.221,578.861,1007.460,566.209,1011.699,553.348,1015.941,538.565,1020.189,519.584,1024.444,496.615,1028.698,473.614,1032.952,451.049,1037.210,425.497,1041.481,390.087,1044.884,299.107,1044.530,221.439,1040.924,64.582,1036.831,-18.157,1032.661,-50.670,1028.482,-77.150,1024.301,-101.924,1020.116,-124.644,1015.929,-145.805,1011.742,-167.402,1007.556,-188.998,1003.368,-209.608,999.179,-229.668,994.988,-248.661,990.795,-266.038,986.599,-281.362,982.401,-295.588,978.201,-308.253,973.999,-319.412,969.797,-330.979,965.594,-341.589,961.390,-352.088,957.185,-361.084,952.770,-370.289,946.877,-381.931,942.252,-390.852,936.149,-401.200,929.605,-411.990,917.986,-427.755,894.560,-451.196,881.943,-458.234,872.288,-462.479,858.679,-466.719,842.765,-470.963,822.884,-475.213,802.750,-479.463,780.211,-483.716,758.458,-487.969,733.640,-492.226,704.540,-496.490,663.791,-500.771,557.587,-504.875
194.563,12.055,191.178,14.034,169.042,13.618,164.937,15.425,149.847,15.355,146.775,17.038,141.197,17.380,137.253,18.887,130.438,19.349,127.489,20.730,123.897,21.432,119.923,22.633,115.247,23.458,112.001,24.526,108.706,25.542,105.311,26.453,102.164,27.625,98.622,28.380,95.623,29.709,93.419,30.348,91.191,31.851,88.991,32.337,86.759,33.992,84.563,34.326,82.326,36.134,80.135,36.315,75.819,40.240,73.540,40.355,71.297,42.404,68.964,42.620,64.702,46.444,62.209,46.961,58.107,50.485,55.453,51.302,51.512,54.525,40.722,63.192,17.405,85.921,14.285,90.272,8.676,96.386,7.714,98.547,6.447,100.699,5.332,102.855,4.218,105.011,2.951,107.163,1.989,109.324,0.570,111.472,-0.240,113.636,-1.811,115.780,-2.468,117.949,-4.192,120.088,-4.745,124.002,-6.631,126.505,-7.087,132.468,-9.128,135.031,-9.496,143.349,-11.671,145.705,-11.993,154.176,-14.104,157.462,-14.779,173.247,-16.793,178.557,-16.951,198.666,-15.373,203.718,-15.156,215.752,-13.722,220.470,-13.246,228.620,-11.938,232.393,-11.220,237.270,-10.048,240.417,-9.136,243.811,-8.121,247.106,-7.053,250.352,-6.160,252.563,-4.911,254.784,-4.209,258.376,-2.827,261.326,-2.239,263.528,-0.686,265.758,-0.250,267.957,1.456,270.190,1.739,272.385,3.597,274.622,3.728,276.813,11.781,285.437,12.538,288.408,48.905,326.707,51.085,326.958,52.943,329.196,53.236,331.047,56.225,332.388,61.650,337.609,64.932,339.416,70.065,344.172,72.935,345.700,76.429,348.567,79.442,350.404,82.792,352.963,84.949,354.052,87.104,355.191,90.406,357.647,94.726,359.621,97.725,361.039,99.889,361.874,102.034,363.420,104.202,364.102,106.342,365.801,108.514,366.331,110.650,368.182,112.827,368.560,114.959,370.564,117.139,370.789,119.267,372.945,123.559,373.139,125.688,375.244,127.867,375.520,130.000,377.473,132.175,377.901,135.202,379.726,140.701,380.398,144.634,382.095,151.336,382.953,171.471,384.942,206.304,385.070,221.152,384.193,240.261,383.738,243.531,382.697,246.802,381.655,251.428,380.803,255.452,379.629,259.019,378.900,261.993,377.545,264.197,376.932,266.426,375.404,270.289,374.988,274.755,371.627,277.329,370.960,279.566,369.127,283.726,369.025,286.107,367.044,288.307,367.015,292.704,362.940,294.893,362.835,297.132,360.951,299.326,360.693,301.560,358.962,303.758,358.552,305.988,356.973,308.190,356.410,310.416,354.984,313.419,353.515,317.011,350.944,319.222,350.076,321.439,348.955,324.763,346.884,328.034,344.914,331.519,342.543,334.629,340.874,339.697,336.856,343.390,334.783,364.570,315.365,372.250,306.523,379.208,299.454,380.979,296.058,384.774,292.131,385.375,289.694,387.429,287.564,387.603,285.382,389.772,283.254,389.947,281.072,392.001,278.942,392.328,276.764,394.230,274.629,394.709,272.456,396.459,270.317,397.090,268.148,398.687,266.005,399.471,263.839,400.938,260.892,401.910,257.422,403.229,254.318,404.349,251.005,405.520,247.744,406.788,244.588,407.845,239.913,409.285,236.062,410.314,226.847,411.956,221.209,412.895,209.665,414.684,204.247,416.249,164.343,414.755,153.444,414.548,149.383,412.671,146.903,412.621,142.694,410.587,140.362,410.571,138.175,408.586,135.934,408.430,133.743,406.597,131.506,406.288,129.310,404.620,126.633,404.204,122.769,402.676,120.540,401.408,117.645,398.636,113.946,397.067,110.889,394.596,107.351,391.775,103.129,388.505,98.589,373.138,81.271,358.612,67.167,355.214,64.506,352.248,62.772,348.706,59.801,345.885,58.376,343.743,56.728,341.572,56.147,339.435,54.347,337.260,53.919,333.285,50.021,330.896,49.523,328.767,47.418,326.584,47.282,324.456,45.126,322.115,44.731,318.093,40.730,315.916,40.353,313.780,38.501,311.608,37.971,308.922,36.258,305.191,35.532,303.047,33.986,300.883,33.151,297.883,31.734,294.466,30.712,291.309,29.443,288.048,28.273,284.735,27.152,281.631,25.834,278.162,24.862,275.214,23.395,270.127,22.531,266.688,20.898,261.292,20.178,258.162,18.401,252.456,17.825,249.636,15.904,230.193,15.104,226.347,13.003,195.174,12.033
-166.515,-1467.478,-274.626,-1457.435,-338.479,-1446.576,-387.145,-1435.714,-431.706,-1424.853,-473.387,-1413.992,-511.543,-1403.131,-547.876,-1392.270,-580.525,-1381.408,-610.729,-1370.547,-639.772,-1359.686,-668.248,-1348.825,-695.559,-1337.962,-723.212,-1326.761,-752.068,-1314.354,-777.102,-1302.571,-807.709,-1287.305,-831.732,-1275.072,-855.710,-1261.961,-880.559,-1247.972,-907.959,-1231.433,-937.203,-1213.051,-968.735,-1192.381,-1003.419,-1168.558,-1043.781,-1139.053,-1097.281,-1095.748,-1169.589,-1031.669,-1280.039,-923.619,-1342.932,-853.790,-1384.585,-805.546,-1421.574,-762.491,-1460.080,-715.925,-1491.049,-674.392,-1513.508,-641.073,-1531.070,-612.650,-1545.139,-587.719,-1559.017,-562.980,-1571.598,-539.537,-1583.236,-517.038,-1596.260,-492.995,-1610.645,-465.222,-1623.546,-437.934,-1634.484,-412.617,-1645.345,-385.719,-1656.207,-357.369,-1667.068,-327.499,-1677.929,-296.978,-1688.790,-264.659,-1699.652,-229.051,-1710.513,-188.269,-1721.374,-140.140,-1732.235,-86.293,-1743.096,-20.236,-1753.764,106.990,-1758.878,331.961,-1751.185,500.262,-1740.365,579.926,-1729.504,639.762,-1718.643,686.787,-1707.782,727.915,-1696.920,767.139,-1686.059,803.698,-1675.198,837.689,-1664.335,865.794,-1653.122,888.631,-1639.582,914.692,-1625.785,941.504,-1613.008,965.463,-1599.049,990.285,-1582.247,1017.948,-1560.433,1050.623,-1532.110,1089.808,-1502.685,1130.092,-1450.202,1192.587,-1321.534,1321.738,-1258.021,1378.940,-1200.271,1426.469,-1154.471,1461.410,-1119.002,1486.017,-1086.765,1507.393,-1054.418,1528.879,-1019.931,1552.505,-986.062,1575.513,-959.701,1591.012,-936.029,1603.824,-914.126,1614.865,-892.291,1625.744,-867.612,1637.491,-842.288,1649.685,-816.258,1662.090,-792.826,1673.406,-771.079,1684.270,-749.357,1695.131,-727.556,1705.992,-704.101,1716.853,-678.782,1727.715,-649.632,1738.576,-617.652,1749.437,-583.649,1760.298,-550.509,1771.160,-517.920,1782.021,-485.145,1792.882,-450.122,1803.743,-412.483,1814.605,-372.743,1825.466,-331.417,1836.327,-287.707,1847.188,-230.905,1858.042,-112.814,1867.151,78.089,1863.260,183.510,1852.587,243.010,1841.726,297.929,1830.865,350.447,1820.003,397.053,1809.142,435.619,1798.281,468.828,1787.420,501.764,1776.558,533.678,1765.697,564.635,1754.836,594.291,1743.975,623.751,1733.113,652.974,1722.252,681.343,1711.160,711.034,1698.175,739.734,1684.037,763.678,1671.376,791.461,1655.819,819.816,1638.982,846.175,1623.491,872.124,1608.423,901.462,1590.854,932.777,1571.550,966.078,1549.152,1010.513,1515.380,1064.400,1469.816,1129.638,1410.769,1223.948,1320.515,1297.895,1245.113,1387.968,1146.229,1449.772,1073.588,1484.932,1027.567,1508.676,992.962,1527.022,963.755,1542.161,937.754,1555.152,913.902,1566.590,891.602,1577.457,869.862,1588.318,847.349,1599.179,824.242,1610.041,800.804,1620.902,775.428,1631.763,748.302,1642.624,717.332,1653.486,682.158,1664.347,641.335,1675.208,593.092,1686.069,529.134,1696.960,427.361,1704.754,268.105,1697.252,101.094,1686.376,-14.451,1675.514,-97.974,1664.653,-163.723,1653.792,-212.611,1642.931,-250.012,1632.069,-280.419,1621.208,-309.149,1610.348,-337.310,1600.486,-364.573,1606.959,-385.119,1630.568,-396.811,1655.045,-407.674,1680.531,-418.536,1705.011,-429.397,1729.693,-440.258,1755.378,-451.119,1781.678,-461.981,1807.839,-472.842,1834.496,-483.703,1862.006,-494.564,1890.067,-505.426,1917.862,-516.287,1946.961,-527.148,1975.836,-538.009,2003.301,-548.870,2029.515,-559.732,2054.457,-570.597,2079.600,-582.210,2110.761,-603.205,2140.052,-635.924,2153.617,-668.138,2157.324,-736.880,2148.131,-803.073,2137.277,-848.624,2126.415,-887.765,2115.554,-923.987,2104.693,-958.498,2093.832,-989.345,2082.969,-1015.848,2071.720,-1039.953,2057.973,-1064.874,2031.741,-1099.680,1991.259,-1135.222,1966.496,-1149.235,1943.436,-1160.160,1900.348,-1169.885,1796.940,-1167.773,1724.377,-1157.253,1679.939,-1146.392,1640.538,-1135.531,1604.237,-1124.669,1568.543,-1113.808,1533.447,-1102.947,1497.829,-1092.086,1462.490,-1081.224,1428.058,-1070.363,1393.592,-1059.502,1358.823,-1048.641,1324.147,-1037.780,1289.372,-1026.918,1254.795,-1016.057,1220.545,-1005.199,1184.162,-996.666,1138.152,-1016.608,1086.507,-1061.396,1035.668,-1102.757,991.417,-1136.169,945.336,-1171.830,901.120,-1207.507,862.127,-1236.051,831.788,-1255.529,803.668,-1272.789,776.155,-1289.440,750.049,-1304.685,724.323,-1319.373,695.566,-1335.367,667.550,-1350.520,642.276,-1362.743,613.982,-1374.744,584.997,-1385.646,551.982,-1396.507,514.497,-1407.368,471.470,-1418.229,420.695,-1429.091,365.342,-1439.952,303.122,-1450.813,213.718,-1461.660,85.862,-1470.831
-163.219,-342.345,-197.457,-340.009,-224.540,-337.545,-248.014,-334.990,-267.402,-332.363,-288.614,-329.825,-310.139,-327.335,-325.180,-324.728,-336.006,-322.061,-345.751,-319.485,-353.773,-316.934,-359.706,-314.270,-365.054,-311.547,-372.162,-307.189,-378.733,-303.381,-389.404,-295.395,-403.243,-284.224,-420.233,-266.963,-439.528,-245.283,-446.016,-236.150,-453.054,-226.482,-458.556,-218.454,-463.926,-210.540,-467.009,-204.781,-470.251,-198.888,-474.490,-192.112,-477.214,-186.806,-479.826,-181.514,-482.476,-176.118,-485.224,-169.011,-487.924,-162.832,-490.543,-156.115,-493.215,-148.999,-495.965,-141.489,-498.651,-135.257,-501.281,-125.952,-503.975,-117.232,-506.727,-109.352,-509.410,-100.567,-512.047,-89.867,-514.762,-79.485,-517.518,-70.834,-520.195,-60.305,-522.832,-49.580,-525.561,-39.253,-528.316,-30.601,-530.985,-19.070,-533.627,-7.187,-536.370,3.324,-539.134,13.792,-541.789,25.515,-544.438,38.936,-547.209,52.272,-549.995,67.644,-552.662,84.945,-555.367,109.018,-558.240,151.648,-557.897,220.697,-555.527,268.250,-553.066,300.724,-550.461,325.074,-547.879,348.071,-545.384,368.498,-542.846,387.129,-540.202,402.890,-537.592,416.973,-535.067,430.593,-532.486,442.944,-529.819,453.842,-527.205,463.696,-524.660,473.069,-522.048,481.824,-519.368,489.728,-516.756,496.889,-514.199,503.604,-511.561,509.824,-508.878,516.955,-506.271,522.387,-503.708,527.702,-501.052,533.019,-498.361,538.335,-495.767,543.651,-492.749,549.426,-487.489,557.356,-483.549,563.932,-475.382,574.887,-466.303,586.778,-450.514,604.041,-445.468,609.890,-436.187,618.196,-429.002,625.341,-408.375,643.592,-392.213,657.290,-375.106,671.826,-362.145,682.196,-352.585,689.245,-344.602,694.675,-337.055,699.563,-330.908,703.071,-324.152,707.289,-316.512,711.676,-309.357,714.720,-302.377,717.387,-296.313,720.131,-288.551,722.828,-280.517,725.453,-270.871,728.146,-261.831,730.904,-247.212,733.618,-225.385,736.306,-180.643,739.152,-71.241,739.518,-0.225,737.222,41.734,734.826,77.237,732.311,115.584,729.770,144.596,727.283,173.118,724.826,197.714,722.246,219.330,719.629,243.437,717.134,264.669,714.643,287.083,712.040,312.980,709.442,360.741,707.069,464.541,704.952,535.031,702.595,548.000,703.172,570.327,701.645,612.305,699.232,643.676,696.659,666.178,694.070,686.904,691.577,704.554,689.038,718.514,686.386,731.709,683.769,745.150,681.242,756.805,678.662,768.754,676.000,777.061,673.375,785.093,670.824,792.919,668.212,798.624,665.522,804.258,662.581,813.621,656.007,824.260,648.095,838.502,635.742,844.158,629.263,850.098,622.364,856.067,613.792,861.279,605.924,865.756,598.878,870.003,592.093,873.262,586.187,875.874,580.895,878.611,575.351,882.909,566.236,886.098,558.719,888.710,553.408,891.446,547.854,894.193,540.750,896.806,535.405,899.434,528.505,902.176,522.730,904.903,516.868,907.528,508.912,910.167,502.560,912.917,495.137,915.640,487.228,918.264,479.242,920.918,472.825,923.678,463.220,926.396,453.359,929.026,444.064,931.706,435.005,934.476,423.127,937.187,411.615,939.837,398.150,942.566,381.338,945.361,364.136,948.113,340.597,950.849,308.070,954.183,199.124,956.524,173.848,951.509,144.066,949.170,79.731,946.652,44.108,944.044,20.587,941.514,1.700,938.991,-12.599,936.345,-23.144,933.677,-33.636,931.118,-43.317,928.560,-49.807,925.885,-57.186,923.203,-64.591,920.639,-69.942,918.069,-75.258,915.377,-80.574,912.640,-85.950,907.674,-93.690,898.918,-105.235,873.857,-133.125,844.822,-164.964,826.752,-182.562,807.934,-198.932,793.105,-211.168,779.772,-221.937,767.637,-231.583,757.273,-239.395,750.805,-243.194,743.058,-248.338,736.367,-252.491,728.444,-257.043,719.641,-261.868,714.198,-264.694,708.504,-267.437,701.529,-270.108,696.213,-272.720,690.731,-275.417,683.196,-278.167,676.128,-280.825,669.322,-283.444,661.417,-286.166,653.537,-288.918,645.553,-291.566,637.545,-294.190,629.649,-296.926,621.288,-299.680,610.635,-302.326,599.945,-304.963,591.284,-307.716,581.071,-310.474,569.258,-313.116,557.482,-315.769,544.905,-318.543,531.794,-321.300,518.334,-323.950,503.250,-326.632,487.286,-329.421,466.506,-332.200,433.962,-334.936,273.643,-336.934,169.135,-334.753,76.190,-332.751,3.478,-334.846,-28.207,-337.632,-51.627,-340.455,-94.565,-343.151
-29.593,-507.223,-66.394,-503.064,-94.506,-498.610,-118.409,-494.156,-141.055,-489.702,-159.559,-485.247,-175.675,-480.793,-191.263,-476.339,-205.944,-471.885,-220.350,-467.430,-234.788,-462.976,-248.163,-458.522,-261.525,-454.068,-274.412,-449.613,-286.136,-445.159,-297.133,-440.705,-306.105,-436.250,-315.849,-431.796,-326.017,-427.340,-335.760,-422.312,-347.935,-416.278,-358.719,-410.141,-368.879,-404.435,-379.045,-398.723,-389.276,-392.947,-401.227,-385.450,-413.654,-377.477,-427.052,-368.533,-443.101,-356.939,-469.073,-335.420,-509.740,-298.563,-548.965,-257.112,-559.856,-241.779,-567.581,-229.600,-573.410,-219.316,-578.879,-209.393,-583.726,-199.975,-591.215,-186.348,-596.486,-176.305,-600.943,-167.393,-605.397,-158.484,-609.852,-149.214,-614.306,-137.701,-618.760,-123.392,-623.214,-107.713,-627.669,-89.854,-632.123,-69.312,-636.577,-44.064,-640.899,2.005,-643.083,131.037,-644.412,158.100,-638.433,199.282,-633.948,233.602,-629.494,260.561,-625.040,284.486,-620.585,305.974,-616.131,325.074,-611.677,343.208,-607.223,358.596,-602.768,372.204,-598.314,385.541,-593.860,397.124,-589.406,406.694,-584.951,418.643,-580.497,428.199,-576.016,437.252,-569.799,450.601,-562.990,465.124,-558.443,474.428,-553.988,483.337,-549.420,492.359,-543.288,502.946,-538.507,512.181,-534.035,521.107,-528.403,531.194,-523.004,541.047,-517.174,551.331,-511.476,561.483,-504.799,572.615,-497.134,584.734,-489.615,596.707,-480.561,610.216,-468.725,626.506,-454.317,645.347,-441.991,660.447,-413.840,690.791,-372.213,729.775,-351.239,746.301,-332.588,760.499,-316.765,771.867,-300.821,783.357,-284.568,795.155,-269.462,805.807,-254.574,816.241,-243.040,823.321,-232.289,829.618,-221.346,836.106,-212.140,840.858,-203.232,845.312,-194.215,849.766,-183.497,854.221,-172.371,858.675,-161.228,863.129,-148.933,867.583,-135.582,872.038,-122.181,876.492,-107.339,880.946,-91.165,885.401,-73.417,889.855,-54.830,894.309,-33.787,898.763,-8.210,903.218,33.767,907.511,134.420,907.260,192.396,902.911,226.090,898.457,258.845,894.003,296.346,889.548,341.286,885.094,377.192,880.640,400.766,876.186,419.420,871.731,433.337,867.277,446.389,862.823,458.064,858.369,471.308,853.914,484.605,849.460,496.443,845.006,509.279,840.552,522.635,836.097,535.086,831.643,547.055,827.189,559.557,822.735,571.979,818.280,583.840,813.826,594.979,809.372,605.623,804.918,616.150,800.463,625.566,796.009,634.868,791.162,645.463,785.021,656.516,778.422,668.252,771.141,681.232,762.615,697.595,750.704,726.190,725.466,754.739,693.978,771.173,673.095,784.307,655.507,798.327,637.032,810.267,620.639,822.388,604.063,834.273,587.724,847.470,570.073,859.000,554.088,870.133,538.501,880.455,523.724,891.964,507.762,901.210,494.062,909.535,481.282,918.501,467.862,926.863,455.046,935.666,441.788,942.135,430.865,949.364,419.182,957.468,406.624,966.964,392.673,975.759,379.424,982.587,368.142,987.832,358.442,992.290,349.530,996.744,340.350,1001.198,329.410,1005.653,316.966,1010.107,304.538,1014.561,289.733,1019.015,274.059,1023.470,256.756,1027.924,238.794,1032.378,216.998,1036.848,185.630,1042.146,154.688,1040.265,100.534,1035.187,-10.058,1030.732,-41.021,1026.278,-64.766,1021.823,-85.885,1017.369,-105.567,1012.915,-122.144,1008.461,-137.181,1004.006,-148.556,999.258,-159.395,993.116,-170.472,988.524,-179.519,983.561,-188.936,976.965,-199.986,969.498,-211.908,957.986,-227.873,940.435,-248.933,918.284,-268.297,901.844,-280.289,886.092,-291.587,875.548,-297.677,864.534,-304.236,853.926,-310.390,844.318,-315.544,833.955,-321.452,825.000,-325.953,816.091,-330.408,807.183,-334.862,798.190,-339.316,787.687,-343.770,778.334,-348.225,768.514,-352.679,758.197,-357.133,747.582,-361.587,738.144,-366.042,727.172,-370.496,716.038,-374.950,705.394,-379.404,694.864,-383.859,684.709,-388.313,673.609,-392.767,662.465,-397.222,651.320,-401.676,640.175,-406.130,628.720,-410.584,616.843,-415.039,604.724,-419.493,593.423,-423.947,580.152,-428.401,567.985,-432.856,555.019,-437.310,541.657,-441.764,528.294,-446.218,514.634,-450.673,499.557,-455.127,484.275,-459.581,467.488,-464.035,448.173,-468.490,427.936,-472.944,404.251,-477.398,377.014,-481.852,346.309,-486.307,314.359,-490.761,278.812,-495.215,237.643,-499.669,167.316,-504.124,38.937,-508.282
73.044,-479.984,32.704,-480.267,-1.258,-479.595,-25.558,-477.900,-48.129,-476.023,-68.394,-473.901,-86.144,-471.514,-105.150,-469.259,-122.671,-466.847,-139.967,-464.412,-155.153,-461.753,-170.199,-459.080,-184.507,-456.328,-197.828,-453.472,-211.754,-450.680,-224.639,-447.778,-235.837,-444.698,-247.694,-441.687,-258.870,-438.604,-269.862,-435.501,-280.842,-432.398,-290.731,-429.179,-299.623,-425.854,-308.577,-422.470,-319.887,-417.182,-333.452,-410.069,-350.794,-399.880,-385.169,-373.850,-405.126,-356.512,-432.108,-331.040,-458.760,-305.631,-472.532,-290.636,-482.237,-278.931,-488.897,-269.688,-496.151,-259.965,-503.346,-250.227,-510.123,-238.905,-516.503,-228.125,-521.627,-220.082,-526.745,-212.023,-532.021,-202.472,-537.189,-193.937,-542.465,-184.380,-547.692,-175.290,-553.028,-165.165,-558.468,-154.058,-563.806,-143.916,-569.207,-133.182,-574.767,-120.945,-580.498,-107.090,-586.278,-92.773,-592.125,-77.814,-598.124,-61.429,-604.127,-45.001,-610.198,-27.930,-616.351,-10.084,-622.359,6.383,-628.438,23.534,-634.767,43.040,-641.077,62.371,-648.212,94.856,-651.643,147.123,-650.419,175.753,-648.310,196.130,-646.030,214.893,-643.592,232.171,-640.982,247.812,-638.326,263.022,-635.669,278.229,-632.942,292.764,-630.066,305.900,-627.187,319.000,-624.299,332.021,-621.241,343.430,-618.066,353.738,-614.744,362.654,-611.418,371.536,-607.841,380.730,-602.739,391.808,-596.666,404.089,-589.724,417.443,-578.803,435.718,-560.412,463.225,-518.613,518.086,-492.421,549.513,-454.884,591.731,-436.086,610.208,-424.547,619.707,-414.645,627.183,-404.842,634.535,-395.870,640.860,-386.656,647.484,-377.707,653.447,-366.811,660.243,-358.672,665.397,-350.384,670.539,-340.690,675.830,-331.307,681.088,-321.212,686.421,-310.827,691.785,-299.697,697.228,-286.642,702.874,-275.301,708.339,-263.205,713.884,-250.980,719.442,-237.790,725.103,-225.491,730.669,-214.561,736.091,-203.472,741.529,-192.973,746.905,-182.158,752.314,-170.752,757.786,-158.548,763.342,-146.007,768.934,-130.782,774.810,-114.752,780.771,-97.303,786.882,-77.549,793.237,-56.589,799.720,-33.936,806.381,-10.844,813.089,14.923,820.081,39.898,826.988,66.091,834.024,93.366,841.175,121.055,848.369,152.195,855.929,211.598,866.473,324.523,880.902,402.312,885.554,539.605,895.813,625.149,900.598,658.870,899.900,679.097,897.774,696.145,895.313,710.437,892.559,725.211,889.857,738.402,886.987,751.479,884.106,762.867,881.045,771.962,877.631,782.837,872.695,795.078,866.653,811.671,857.091,842.569,835.256,879.897,802.725,896.872,785.145,907.654,772.568,916.389,761.647,922.771,752.629,930.191,742.772,936.711,733.642,941.880,725.262,947.164,715.627,952.287,707.523,957.544,698.144,962.877,688.047,968.211,677.948,973.585,667.463,979.092,655.727,984.517,644.764,990.282,630.584,996.255,614.441,1002.669,594.131,1009.682,568.160,1017.642,533.237,1028.051,472.504,1038.453,363.020,1039.493,313.283,1040.270,287.069,1040.786,275.187,1037.123,255.072,1035.072,233.971,1032.764,215.472,1030.502,196.538,1028.073,179.175,1025.496,163.216,1023.047,146.057,1020.193,132.711,1017.476,118.079,1014.605,104.902,1011.680,92.229,1008.627,80.767,1005.591,69.147,1002.596,57.146,999.497,46.117,996.292,36.097,993.285,24.209,990.037,14.593,986.715,5.671,983.533,-4.633,979.456,-15.183,974.939,-25.540,969.255,-37.340,962.698,-50.217,951.304,-69.077,933.994,-95.161,920.294,-113.557,899.222,-138.582,872.928,-166.490,856.162,-182.453,845.788,-190.513,835.213,-198.820,825.123,-206.528,815.253,-213.963,806.232,-220.349,798.224,-225.482,789.382,-231.646,780.379,-238.010,772.333,-243.140,762.854,-248.407,752.756,-253.741,742.219,-259.121,731.572,-264.512,720.986,-269.898,709.731,-275.353,698.655,-280.790,687.458,-286.240,675.315,-291.790,663.154,-297.342,651.908,-302.797,638.804,-308.448,627.994,-313.857,616.382,-319.350,604.174,-324.907,591.509,-330.512,578.724,-336.130,565.407,-341.804,550.144,-347.684,534.214,-353.634,515.288,-359.902,495.225,-366.289,477.095,-372.472,458.608,-378.693,439.559,-384.974,421.024,-391.200,402.963,-397.376,384.939,-403.548,365.928,-409.824,346.885,-416.104,328.241,-422.341,306.616,-428.894,283.383,-435.617,260.075,-442.348,236.799,-449.076,214.758,-455.617,198.300,-460.109,174.967,-466.283,139.016,-474.070
41.433,-97.129,32.545,-95.359,23.200,-93.664,7.754,-92.986,1.205,-91.139,-6.260,-89.521,-11.157,-88.843,-14.809,-86.920,-18.842,-85.378,-23.849,-84.590,-28.636,-80.591,-31.424,-79.125,-34.245,-78.413,-39.108,-74.262,-44.675,-70.093,-48.903,-67.932,-55.910,-61.603,-63.950,-55.037,-69.924,-51.055,-76.931,-44.726,-84.666,-38.541,-90.944,-34.177,-103.797,-21.036,-111.923,-11.284,-118.565,-2.803,-127.004,6.314,-129.173,10.186,-131.224,13.999,-135.443,18.896,-136.451,21.683,-137.553,24.471,-139.662,27.258,-140.594,30.046,-141.772,32.833,-143.882,35.621,-144.738,38.408,-145.992,42.730,-148.101,46.297,-148.881,53.100,-150.211,61.717,-152.321,67.241,-153.024,80.450,-154.430,97.048,-156.489,107.122,-157.167,126.787,-158.650,143.928,-160.632,155.569,-161.310,179.454,-162.869,190.841,-164.776,199.797,-164.504,244.778,-162.869,257.936,-161.039,269.341,-160.361,286.896,-158.650,293.988,-156.896,300.910,-156.218,310.027,-154.430,316.813,-152.753,324.040,-152.075,331.047,-150.211,336.605,-148.610,342.952,-147.932,349.958,-145.992,354.441,-144.466,359.753,-143.789,364.650,-141.772,368.209,-140.323,372.335,-139.646,375.122,-137.553,378.605,-136.180,382.807,-135.443,385.595,-133.333,389.001,-132.037,393.279,-131.224,396.067,-129.114,398.854,-126.674,402.862,-124.895,406.539,-120.675,411.436,-119.531,414.224,-118.565,417.012,-112.236,424.018,-110.101,427.874,-108.017,431.703,-97.468,442.930,-88.547,453.648,-76.812,463.713,-71.915,467.932,-67.297,470.678,-60.527,474.262,-57.223,476.371,-54.435,477.210,-51.648,478.481,-48.860,480.591,-46.073,481.353,-41.845,482.700,-38.380,484.810,-33.491,485.496,-29.339,486.920,-25.806,488.962,-20.909,489.640,-15.546,491.139,-11.115,493.105,-1.998,493.783,4.424,495.359,9.906,497.248,40.120,497.011,48.584,495.359,56.244,493.545,69.580,492.868,81.899,491.139,94.142,489.402,120.136,488.725,138.649,486.920,159.467,485.259,261.410,485.039,300.461,486.920,351.373,485.335,381.587,484.658,391.848,482.700,406.149,481.192,419.486,480.514,424.535,478.481,431.390,477.049,444.726,476.371,451.580,474.262,462.959,472.906,465.747,472.152,469.136,470.042,474.711,467.483,478.329,465.823,485.335,459.494,486.920,458.291,488.801,455.503,492.935,453.478,499.578,445.709,504.992,439.312,507.026,435.169,512.236,428.907,517.422,422.663,518.862,419.113,520.675,416.325,523.979,411.886,525.335,408.420,529.114,403.743,532.266,399.380,533.477,396.058,535.443,393.271,538.442,388.984,539.798,385.518,543.882,380.689,545.305,377.901,545.992,375.114,548.101,371.657,549.448,367.429,550.211,362.617,552.321,359.151,553.592,354.847,554.430,350.111,556.540,345.612,557.735,338.046,558.650,327.768,560.759,322.270,561.878,312.806,562.869,297.445,564.979,278.983,563.937,211.616,562.869,195.069,560.759,187.147,559.794,171.608,558.650,160.602,556.540,154.425,555.650,142.148,554.430,131.524,552.321,125.483,551.507,114.798,550.211,104.555,548.101,98.497,547.364,89.558,545.992,82.526,543.899,77.654,543.221,70.647,541.772,65.182,539.756,60.853,539.078,53.846,537.553,48.533,535.612,44.051,534.935,39.154,533.333,35.180,531.469,31.469,530.792,26.572,529.114,22.675,527.326,18.887,526.648,16.100,524.895,12.279,523.183,8.415,522.505,5.628,520.675,2.840,519.040,0.053,518.362,-2.735,516.456,-5.523,514.897,-8.310,514.219,-11.098,512.236,-13.885,510.754,-16.673,510.076,-19.460,508.017,-22.248,506.610,-25.035,505.907,-27.823,501.688,-32.720,497.697,-38.168,495.359,-42.514,492.673,-44.726,489.885,-45.980,489.030,-48.767,485.920,-49.945,481.523,-53.165,478.735,-55.020,475.948,-55.698,473.160,-57.384,470.373,-59.163,465.475,-59.841,462.688,-61.603,459.900,-63.306,457.113,-63.984,453.376,-65.823,449.428,-67.450,444.531,-68.127,441.743,-70.042,438.956,-71.593,431.949,-72.271,427.569,-74.262,422.154,-75.736,415.148,-76.414,407.319,-78.481,394.805,-79.879,308.984,-80.591,297.114,-82.700,276.737,-84.022,251.955,-84.810,241.711,-86.920,221.961,-88.165,194.171,-89.030,182.080,-91.139,156.637,-92.308,129.837,-93.249,116.163,-95.359,82.873,-96.452,48.211,-97.468
274.300,-561.532,252.083,-559.997,214.386,-560.053,191.156,-559.110,173.871,-557.673,163.733,-555.624,153.630,-553.650,146.742,-551.448,139.679,-547.910,131.010,-543.036,122.895,-538.694,115.949,-535.278,109.065,-531.906,102.942,-529.274,94.448,-524.558,82.189,-516.559,55.003,-493.802,27.121,-467.315,12.913,-452.599,-0.981,-438.099,-12.685,-425.431,-23.181,-413.890,-33.461,-402.521,-41.951,-392.612,-49.264,-383.772,-56.855,-374.733,-64.497,-365.559,-68.981,-359.117,-75.143,-351.305,-79.385,-345.078,-85.040,-337.602,-90.002,-330.820,-93.375,-325.358,-99.041,-316.587,-104.205,-308.924,-107.457,-303.605,-110.577,-298.305,-113.739,-293.008,-116.966,-287.715,-120.189,-281.410,-123.404,-275.007,-126.659,-269.344,-129.967,-262.342,-133.090,-257.006,-136.295,-251.713,-139.605,-246.334,-144.691,-239.347,-148.990,-233.085,-153.615,-226.591,-158.851,-217.386,-162.988,-202.750,-167.208,-184.432,-171.428,-165.341,-175.622,-145.964,-179.986,-125.636,-184.058,-108.901,-188.034,-92.376,-192.073,-75.887,-196.462,-55.362,-201.849,-20.404,-207.715,20.444,-213.665,61.435,-222.927,153.165,-227.291,237.013,-229.787,274.951,-236.160,326.593,-240.128,402.969,-238.966,424.329,-237.163,437.596,-235.221,447.728,-233.109,456.223,-230.928,464.642,-228.760,472.141,-226.719,481.149,-224.577,490.064,-222.388,497.715,-220.336,506.411,-218.225,515.487,-216.065,523.925,-213.999,532.443,-211.874,540.910,-209.694,549.330,-207.614,557.836,-205.531,566.447,-203.584,577.916,-202.007,593.433,-200.491,609.158,-198.939,625.706,-197.470,643.059,-196.255,662.723,-194.804,680.177,-193.282,697.223,-191.973,715.689,-190.369,730.713,-188.567,744.094,-186.612,754.510,-184.545,763.053,-182.338,771.122,-180.010,777.068,-177.734,782.821,-175.510,790.295,-173.089,796.409,-169.123,804.087,-166.600,810.032,-164.175,815.797,-159.979,823.717,-155.178,832.351,-150.075,841.236,-137.671,856.817,-124.659,868.998,-114.148,878.287,-105.294,885.641,-97.500,891.667,-90.482,896.852,-85.160,900.113,-79.548,903.581,-70.997,908.746,-65.207,912.052,-59.910,915.215,-54.563,918.339,-47.459,921.698,-41.190,924.967,-34.471,928.195,-27.193,931.535,-19.201,934.967,-9.869,938.395,2.752,942.111,16.144,945.956,30.764,949.819,47.685,953.831,92.979,960.047,190.920,966.608,207.952,965.193,219.146,963.251,230.288,961.290,241.612,959.438,252.661,957.517,261.479,955.367,269.979,953.280,278.481,951.196,286.513,948.986,293.277,946.734,300.241,944.550,305.965,942.179,311.683,939.816,317.395,937.536,323.112,935.196,328.881,932.768,336.876,928.521,346.288,923.039,358.166,915.369,379.175,899.922,410.743,875.452,437.243,854.617,448.700,843.941,461.136,832.398,476.009,817.054,491.190,801.406,500.610,790.797,509.584,780.536,516.066,772.351,522.228,764.512,526.682,758.159,529.803,752.858,532.968,747.561,536.194,742.269,539.338,736.971,542.478,731.587,545.873,724.090,549.326,715.151,553.308,698.560,561.666,625.770,568.825,568.691,574.690,527.406,582.401,462.690,587.850,428.260,593.645,387.726,596.621,361.717,597.935,351.315,603.228,315.868,608.456,282.943,613.096,259.029,617.987,231.522,624.888,176.661,632.151,117.448,637.172,46.422,636.218,23.360,634.901,4.558,633.785,-17.810,633.139,-45.367,632.187,-68.540,630.665,-85.583,629.157,-102.266,627.734,-119.203,626.228,-136.097,624.861,-155.050,623.652,-174.793,622.391,-194.482,621.175,-215.528,619.940,-235.224,618.451,-251.509,616.654,-264.946,614.756,-276.364,612.898,-287.600,610.647,-294.883,608.468,-303.040,606.403,-311.559,604.274,-320.023,602.094,-328.442,599.933,-335.847,597.752,-343.211,595.401,-349.389,593.079,-355.105,590.799,-360.817,588.208,-366.780,572.169,-386.845,552.728,-406.528,540.907,-417.322,530.848,-426.101,523.052,-432.130,514.535,-439.040,506.688,-445.243,499.521,-450.572,491.723,-456.611,483.810,-462.891,474.420,-470.844,466.247,-477.312,459.343,-482.388,453.951,-485.719,446.964,-490.804,440.715,-495.084,434.241,-499.687,428.937,-502.834,423.638,-505.972,418.346,-509.198,412.849,-512.585,404.382,-517.783,398.090,-521.159,390.351,-524.549,382.244,-527.883,373.988,-531.290,363.662,-534.900,353.884,-538.370,344.026,-541.867,333.334,-545.506,321.578,-549.159,309.340,-552.808,292.824,-556.917,279.268,-562.231
159.348,-388.746,123.954,-385.398,93.297,-381.854,68.979,-378.306,52.515,-374.761,40.260,-371.216,29.592,-367.669,19.508,-364.123,10.632,-360.579,1.876,-357.032,-6.336,-353.486,-14.907,-349.941,-23.797,-346.395,-33.684,-342.848,-42.555,-339.303,-51.343,-335.757,-59.444,-332.210,-68.082,-328.666,-75.710,-325.120,-82.802,-321.573,-89.895,-318.027,-97.570,-313.898,-106.160,-308.853,-113.393,-305.166,-122.207,-299.898,-129.880,-295.770,-138.801,-290.396,-148.441,-284.302,-159.087,-277.201,-171.029,-268.805,-185.155,-258.225,-200.897,-246.029,-214.209,-236.262,-224.921,-229.098,-235.993,-221.570,-248.419,-212.689,-260.949,-203.706,-274.367,-193.834,-292.028,-179.718,-317.331,-157.961,-347.977,-130.223,-369.453,-109.421,-404.188,-72.537,-414.314,-58.869,-420.726,-48.910,-426.486,-39.605,-433.563,-28.983,-441.469,-17.530,-449.837,-5.617,-456.764,4.855,-462.008,13.647,-466.774,21.958,-470.334,29.063,-473.879,36.155,-477.425,43.246,-480.972,50.338,-484.516,57.854,-488.062,67.822,-491.609,76.687,-495.154,86.697,-498.699,95.732,-502.246,106.384,-505.792,118.658,-509.336,129.701,-512.884,140.422,-516.429,153.903,-519.974,177.914,-523.521,228.687,-526.744,288.759,-525.081,348.939,-521.538,373.701,-517.992,392.678,-514.447,407.133,-510.901,420.617,-507.354,432.361,-503.809,443.004,-500.263,453.640,-496.716,463.570,-493.172,472.440,-489.626,481.253,-486.079,489.278,-482.534,497.964,-478.989,505.525,-475.434,512.625,-470.812,520.794,-466.191,528.961,-459.598,539.099,-453.648,548.595,-446.652,559.138,-439.558,569.777,-432.160,580.721,-419.817,596.611,-397.587,622.369,-368.921,652.542,-347.538,670.758,-333.813,680.936,-323.089,688.114,-314.284,693.374,-307.168,696.944,-300.076,700.488,-292.985,704.036,-285.871,707.581,-277.366,711.126,-269.600,714.673,-261.924,718.219,-253.067,721.764,-244.108,725.310,-235.177,728.857,-227.804,732.401,-219.609,735.947,-210.826,739.494,-200.768,743.039,-191.801,746.585,-180.573,750.132,-169.723,753.677,-156.550,757.222,-142.371,760.769,-128.170,764.314,-112.363,767.859,-91.577,771.407,-51.085,774.952,17.956,778.497,76.721,782.044,117.659,785.590,159.773,789.073,208.156,788.713,239.416,785.208,273.624,781.663,305.999,778.116,335.912,774.570,361.052,771.025,384.677,767.479,405.417,763.932,424.929,760.388,444.356,756.842,463.052,753.294,480.777,749.750,497.320,746.204,513.394,742.657,528.940,739.112,541.816,735.567,554.104,732.020,566.020,728.475,575.372,724.930,584.288,721.382,592.035,717.837,600.896,714.292,609.797,710.745,617.572,707.199,626.207,703.655,633.328,700.108,640.420,696.562,647.512,693.017,655.044,689.030,663.923,683.696,673.751,677.415,684.869,669.842,697.094,661.162,708.756,653.047,722.787,642.562,737.810,631.084,764.491,607.924,812.164,561.064,832.785,537.051,841.257,525.032,847.743,515.000,853.354,505.844,859.218,496.434,862.872,489.233,866.419,482.141,869.965,475.050,873.510,467.956,877.057,459.919,880.603,451.675,884.147,444.573,887.694,437.482,891.240,430.365,894.785,421.524,898.331,410.913,901.878,400.277,905.422,389.638,908.969,378.999,912.516,367.684,916.060,355.263,919.606,341.152,923.146,311.453,924.514,240.027,921.234,162.419,917.687,129.915,914.141,109.175,910.596,92.759,907.049,76.926,903.504,61.029,899.959,46.596,896.412,32.286,892.866,19.109,889.322,7.044,885.775,-4.276,882.228,-14.344,878.684,-23.467,875.137,-33.047,871.591,-41.976,867.983,-49.712,862.813,-60.259,858.844,-69.622,855.299,-76.956,851.753,-84.048,848.005,-91.340,842.598,-100.295,836.628,-109.810,827.619,-122.363,814.259,-139.270,802.413,-154.663,791.757,-168.864,780.051,-184.116,767.552,-200.162,745.502,-225.365,735.702,-235.848,730.210,-240.951,720.296,-249.263,704.518,-261.517,691.037,-271.452,680.602,-278.342,670.353,-285.045,658.934,-292.918,648.310,-299.996,638.972,-305.789,629.196,-312.018,620.215,-317.453,611.533,-322.591,604.402,-326.174,597.311,-329.720,590.219,-333.267,582.729,-336.812,573.836,-340.357,564.018,-343.904,551.781,-347.449,540.509,-350.994,527.129,-354.542,511.300,-358.087,495.167,-361.632,477.405,-365.179,457.999,-368.725,438.283,-372.269,415.891,-375.816,388.326,-379.362,354.285,-382.907,305.934,-386.454,242.434,-389.803
70.109,-1048.088,-30.097,-1043.464,-92.091,-1037.931,-129.692,-1032.101,-155.482,-1026.127,-178.252,-1020.116,-198.097,-1014.070,-217.070,-1008.013,-237.197,-1001.970,-257.181,-995.925,-277.874,-989.889,-298.766,-983.855,-317.592,-977.796,-334.535,-971.714,-351.721,-965.635,-368.884,-959.556,-385.389,-953.469,-401.187,-947.373,-416.304,-941.269,-430.760,-935.157,-445.049,-929.042,-458.229,-922.912,-471.505,-916.169,-487.011,-907.250,-503.028,-897.831,-522.428,-885.111,-548.079,-866.258,-585.120,-833.430,-615.985,-798.479,-631.495,-777.135,-642.726,-759.963,-652.196,-744.508,-660.757,-729.940,-668.187,-716.477,-676.485,-702.070,-685.068,-685.907,-693.466,-669.512,-700.218,-656.103,-706.682,-641.788,-713.160,-626.165,-719.647,-609.918,-726.138,-593.232,-732.636,-576.021,-739.161,-556.641,-745.686,-537.208,-752.236,-515.761,-758.806,-492.584,-765.401,-467.472,-772.036,-438.975,-778.715,-406.946,-785.468,-368.765,-792.206,-315.361,-793.764,-234.323,-788.431,-184.977,-782.474,-157.786,-776.441,-136.869,-770.391,-117.255,-764.304,-100.162,-757.424,-83.157,-750.080,-65.419,-743.944,-49.566,-737.860,-32.794,-731.857,-9.410,-725.978,24.161,-720.155,62.411,-714.334,100.716,-708.525,140.055,-702.658,174.621,-696.696,200.912,-692.463,241.789,-696.875,295.554,-703.592,332.135,-710.810,364.805,-718.860,386.706,-725.422,401.733,-731.904,417.613,-738.412,435.685,-744.942,455.504,-751.536,480.633,-758.052,519.478,-759.234,597.229,-753.769,639.392,-747.866,671.001,-741.961,702.514,-736.060,734.269,-730.230,771.876,-724.456,814.100,-718.522,843.208,-712.466,862.307,-706.075,877.229,-698.064,891.899,-688.424,908.136,-671.038,931.164,-653.449,949.885,-618.254,982.054,-596.357,997.029,-576.334,1003.947,-546.276,1010.602,-519.467,1017.217,-496.295,1023.788,-475.889,1030.325,-456.192,1036.853,-439.743,1043.554,-420.701,1056.488,-392.771,1078.741,-368.200,1097.553,-342.111,1118.019,-316.176,1141.610,-284.975,1177.727,-251.671,1214.950,-225.428,1236.681,-207.468,1248.721,-186.114,1264.236,-160.997,1283.606,-134.576,1304.314,-113.005,1320.052,-94.702,1332.431,-78.908,1341.375,-64.301,1348.746,-51.698,1355.198,-37.507,1361.660,-22.412,1368.132,-6.645,1374.612,8.911,1381.090,25.025,1387.575,40.631,1394.053,55.433,1400.522,70.239,1406.991,86.691,1413.480,104.665,1419.987,123.447,1426.504,142.878,1433.029,167.112,1439.612,217.328,1445.736,300.261,1444.508,352.644,1438.930,392.880,1433.132,425.393,1427.239,455.724,1421.321,484.003,1415.377,511.229,1409.420,536.659,1403.442,560.518,1397.444,582.601,1391.425,603.013,1385.385,623.086,1379.342,641.702,1373.280,658.958,1367.202,676.207,1361.124,692.811,1355.038,709.219,1348.950,725.478,1342.859,741.276,1336.764,756.854,1330.665,771.843,1324.559,787.114,1318.457,803.006,1312.362,818.645,1306.265,833.652,1300.159,848.671,1294.054,864.456,1287.958,879.797,1281.856,894.998,1275.753,910.648,1269.656,925.433,1263.548,939.533,1257.431,953.686,1251.315,966.712,1244.903,981.010,1237.162,994.972,1229.748,1013.771,1217.576,1048.537,1186.678,1074.740,1156.044,1085.941,1137.923,1093.244,1123.410,1099.716,1108.895,1106.219,1091.309,1112.776,1069.266,1119.436,1038.691,1126.167,1002.362,1132.931,963.385,1139.727,921.670,1146.570,876.152,1153.463,826.521,1160.431,770.802,1167.533,703.503,1174.287,602.328,1177.132,532.958,1177.017,460.849,1182.132,356.393,1189.141,293.837,1196.012,231.408,1199.215,177.535,1198.341,139.269,1193.712,69.707,1188.069,16.935,1182.360,-30.628,1176.603,-74.176,1170.786,-112.848,1164.969,-151.540,1159.185,-192.922,1153.395,-233.809,1147.576,-272.405,1141.684,-304.864,1135.666,-327.112,1129.609,-346.075,1123.514,-361.927,1117.413,-377.337,1110.959,-392.494,1103.188,-408.915,1095.461,-424.084,1088.378,-437.873,1078.418,-456.065,1069.170,-472.275,1059.305,-488.750,1049.207,-505.463,1035.969,-525.393,1016.127,-552.091,994.846,-580.263,979.009,-602.857,964.958,-623.620,952.176,-643.083,938.843,-663.111,925.007,-683.654,910.368,-705.020,890.954,-731.261,851.616,-775.926,814.600,-811.788,788.023,-835.355,755.190,-863.138,728.131,-884.500,704.918,-901.920,682.735,-918.285,661.806,-933.363,644.276,-944.961,627.620,-955.661,612.404,-964.886,599.017,-972.239,584.949,-980.288,572.275,-986.877,558.532,-993.333,543.353,-999.806,525.378,-1006.313,504.122,-1012.861,476.918,-1019.481,445.377,-1026.153,413.491,-1032.830,377.036,-1039.562,312.996,-1046.187
604.939,-489.586,544.928,-485.628,491.175,-481.392,431.581,-477.156,362.509,-472.920,280.255,-468.683,147.459,-464.447,36.505,-460.210,-21.767,-455.974,-68.839,-451.738,-107.863,-447.501,-137.367,-443.265,-159.687,-439.029,-179.700,-434.792,-198.223,-430.556,-212.458,-426.320,-228.036,-422.083,-240.615,-417.847,-253.644,-413.611,-266.930,-409.374,-276.732,-405.138,-288.148,-400.902,-298.867,-396.665,-309.458,-392.429,-320.033,-388.192,-329.359,-383.956,-339.128,-379.720,-349.698,-375.483,-358.998,-371.247,-368.775,-367.011,-378.054,-362.774,-387.847,-358.538,-397.091,-354.302,-405.566,-350.065,-414.062,-345.829,-423.877,-341.593,-433.091,-337.356,-441.566,-333.120,-450.039,-328.883,-458.516,-324.642,-467.844,-319.551,-477.691,-313.941,-489.030,-306.838,-504.738,-295.367,-527.829,-276.505,-556.692,-250.666,-571.808,-237.307,-597.062,-212.826,-631.927,-175.053,-648.077,-154.671,-659.976,-138.536,-669.845,-124.430,-677.366,-112.673,-683.726,-102.076,-689.280,-92.238,-695.405,-80.366,-701.568,-67.901,-706.038,-58.601,-710.274,-50.127,-714.510,-41.600,-718.747,-31.636,-722.983,-22.599,-727.219,-13.573,-731.456,-3.540,-735.692,7.072,-739.928,18.204,-744.165,30.325,-748.401,42.086,-752.638,55.223,-756.874,68.128,-761.110,82.839,-765.347,96.659,-769.583,111.511,-773.819,127.979,-778.056,145.000,-782.292,164.894,-786.528,188.265,-790.765,216.306,-795.016,250.704,-799.802,278.081,-799.208,293.931,-802.433,336.670,-805.108,395.826,-801.748,454.235,-797.513,494.609,-793.277,523.643,-789.041,545.612,-784.804,563.198,-780.568,576.858,-776.332,589.553,-772.095,600.972,-767.859,612.543,-763.622,621.909,-759.386,630.384,-755.150,638.857,-750.809,647.434,-744.776,657.703,-738.300,668.416,-726.501,684.399,-693.793,717.841,-672.060,735.519,-652.992,750.352,-633.206,765.901,-614.870,780.000,-600.611,790.023,-588.033,798.365,-577.907,804.255,-567.729,810.196,-558.981,814.708,-550.508,818.944,-542.035,823.180,-533.105,827.417,-523.009,831.653,-512.511,835.890,-499.160,840.126,-472.600,844.362,-433.709,848.599,-406.148,852.835,-378.181,857.071,-348.012,861.308,-316.769,865.544,-280.338,869.780,-188.754,874.017,-101.450,878.253,-57.153,882.489,-2.040,886.726,100.458,890.523,146.021,890.911,224.882,888.731,308.628,884.514,360.022,880.278,412.293,876.042,472.296,871.805,525.920,867.569,571.853,863.333,612.761,859.096,644.390,854.860,672.756,850.624,697.531,846.387,719.862,842.151,742.382,837.915,762.671,833.678,784.904,829.442,807.654,825.205,827.545,820.969,845.819,816.733,859.573,812.496,868.520,808.243,879.357,802.452,893.364,795.691,902.358,791.332,910.831,787.095,919.303,782.859,927.776,778.622,936.268,774.367,946.054,768.817,955.636,763.472,966.177,757.167,979.480,748.101,994.682,737.135,1013.296,722.757,1037.475,702.806,1078.955,663.643,1103.655,635.346,1114.770,619.995,1122.900,607.629,1127.957,598.330,1133.583,587.591,1138.507,577.218,1142.746,568.580,1146.982,558.418,1151.218,549.666,1155.455,540.273,1159.691,530.469,1163.927,520.286,1168.164,510.601,1172.400,499.849,1176.637,487.390,1180.873,474.491,1185.109,458.908,1189.346,440.770,1193.582,417.415,1197.818,385.314,1202.052,331.753,1205.108,280.410,1202.128,224.268,1197.895,183.615,1193.658,152.237,1189.422,120.892,1185.185,92.109,1180.949,64.574,1176.713,38.146,1172.476,14.046,1168.240,-8.438,1164.004,-30.593,1159.767,-50.405,1155.531,-67.277,1151.295,-81.368,1147.058,-94.614,1142.822,-105.379,1138.586,-115.969,1134.349,-126.307,1130.113,-136.118,1125.877,-145.513,1121.640,-155.207,1117.404,-165.777,1113.167,-175.136,1108.931,-183.631,1104.695,-193.337,1100.458,-202.665,1096.222,-211.142,1091.986,-219.615,1087.747,-228.090,1082.769,-237.305,1077.098,-247.212,1071.163,-257.383,1065.724,-267.058,1058.476,-278.543,1053.013,-288.243,1045.774,-299.718,1040.292,-309.436,1032.152,-321.812,1022.722,-335.478,1004.194,-357.454,980.287,-378.774,968.952,-385.876,958.365,-392.227,948.503,-397.852,938.325,-403.795,929.564,-408.319,921.090,-412.556,912.046,-416.939,900.241,-422.865,890.007,-427.374,880.873,-431.611,872.398,-435.847,863.926,-440.084,855.410,-444.320,845.497,-448.556,835.915,-452.793,825.392,-457.029,814.754,-461.265,803.155,-465.502,791.987,-469.738,779.291,-473.974,765.045,-478.211,749.150,-482.447,728.923,-486.683,684.271,-490.641
-83.209,-407.233,-120.935,-405.571,-146.113,-403.819,-165.960,-401.951,-181.139,-399.909,-194.586,-397.863,-205.560,-395.813,-214.864,-393.758,-224.532,-391.705,-235.601,-389.698,-243.729,-387.909,-253.744,-386.124,-261.869,-384.335,-271.920,-382.550,-282.027,-380.765,-292.134,-378.980,-301.488,-376.943,-310.792,-374.889,-320.095,-372.834,-328.595,-370.778,-336.092,-368.720,-343.590,-366.662,-351.371,-364.795,-357.342,-363.001,-363.238,-361.208,-367.171,-359.410,-371.082,-357.612,-377.214,-355.552,-383.039,-351.793,-386.933,-349.718,-390.818,-347.652,-394.703,-345.587,-398.618,-343.490,-404.502,-339.434,-410.395,-335.438,-416.089,-331.838,-421.784,-328.237,-430.513,-321.615,-447.970,-306.233,-471.375,-281.009,-487.211,-263.180,-495.348,-253.275,-499.546,-247.293,-503.651,-241.403,-505.787,-237.474,-507.870,-233.597,-509.952,-229.554,-511.822,-223.654,-513.640,-217.781,-515.455,-213.751,-517.278,-205.826,-519.102,-197.826,-520.921,-191.790,-522.897,-185.996,-524.987,-178.797,-527.079,-170.094,-529.173,-160.798,-531.341,-116.886,-533.630,-16.487,-535.699,27.050,-537.597,69.835,-539.496,145.480,-538.357,176.327,-536.371,217.716,-534.372,238.811,-536.335,242.579,-538.386,246.038,-535.080,248.597,-533.257,258.826,-531.494,279.100,-529.740,303.579,-527.986,328.206,-525.983,350.388,-523.946,368.079,-521.912,386.839,-519.879,406.168,-517.844,424.503,-515.808,442.428,-513.952,458.550,-512.194,480.905,-510.427,499.431,-508.664,519.771,-506.893,536.259,-505.126,554.570,-503.229,570.258,-501.186,584.980,-499.140,598.451,-497.092,610.418,-495.040,620.883,-492.985,630.187,-490.995,639.682,-489.210,649.700,-487.421,657.826,-485.636,667.840,-483.847,675.930,-482.058,683.963,-480.266,691.989,-478.204,697.794,-476.142,703.485,-474.080,709.177,-472.016,714.086,-469.928,717.993,-465.870,723.878,-456.801,734.814,-450.090,739.503,-445.562,741.972,-441.685,743.787,-437.783,745.601,-431.917,747.420,-426.117,749.390,-418.910,751.479,-410.199,753.572,-400.905,755.666,-392.225,757.759,-383.801,759.851,-370.233,761.864,-351.328,763.710,-318.076,765.587,-213.152,767.618,-150.129,769.558,-102.281,771.467,-71.074,773.370,-50.363,775.488,-34.305,777.596,-20.646,779.700,-7.738,781.801,4.721,783.902,16.112,786.001,32.063,787.871,44.345,789.704,58.618,791.540,74.930,793.381,93.400,795.227,123.763,797.098,164.843,799.170,296.026,801.523,374.728,803.766,448.504,805.906,537.225,804.151,607.756,802.227,787.254,800.653,807.823,798.891,813.960,797.097,819.918,795.304,825.877,793.510,831.850,791.717,839.672,789.870,843.907,787.805,847.792,785.739,851.677,783.673,855.562,781.607,859.465,779.523,865.336,775.480,872.737,770.177,885.763,759.126,891.903,751.012,893.717,747.136,895.532,743.259,897.346,739.382,899.365,735.506,901.448,731.630,903.533,726.593,905.619,720.911,907.706,714.674,909.796,707.436,911.739,701.408,913.567,691.328,915.395,681.228,917.223,671.129,919.051,660.970,920.887,646.920,922.794,638.768,924.898,624.875,927.006,608.864,929.124,588.367,931.220,546.661,929.503,465.873,931.609,351.409,933.511,306.710,935.379,277.862,937.244,250.241,939.182,188.239,940.540,-28.641,939.278,-141.231,941.237,-193.887,939.234,-212.813,937.181,-222.792,935.129,-232.923,933.075,-242.461,931.013,-248.373,929.126,-256.014,927.328,-260.002,925.535,-265.931,923.741,-271.844,921.943,-275.821,920.149,-281.687,918.241,-285.672,916.175,-289.557,914.109,-293.441,912.043,-297.326,909.945,-301.244,905.888,-307.129,901.852,-313.042,894.891,-321.932,884.296,-330.536,876.299,-336.488,870.620,-340.113,865.365,-343.312,861.489,-345.126,857.520,-347.292,851.666,-351.360,846.655,-353.480,840.973,-355.566,835.784,-357.652,831.527,-359.735,823.838,-361.628,819.776,-363.443,811.751,-365.266,801.700,-367.094,791.548,-368.922,777.347,-370.759,738.096,-372.786,723.004,-374.725,705.710,-372.873,667.841,-374.939,624.731,-377.105,602.791,-379.226,580.293,-381.271,559.637,-383.122,534.994,-384.980,507.559,-386.845,451.211,-387.375,427.365,-385.620,404.962,-383.844,324.456,-382.125,301.098,-382.838,281.170,-384.218,251.733,-386.355,223.912,-388.489,194.908,-390.625,164.441,-392.540,129.170,-394.421,86.735,-396.318,67.862,-398.164,55.435,-399.997,39.292,-401.838,25.761,-403.837,9.833,-405.945,-42.667,-408.067
427.002,-313.003,360.909,-316.155,302.908,-318.375,252.840,-319.859,208.700,-320.770,170.237,-321.151,134.092,-321.308,99.193,-321.349,62.261,-321.583,26.160,-321.735,-13.973,-322.275,-52.536,-322.657,-85.724,-322.543,-113.334,-321.885,-140.937,-321.244,-164.488,-320.200,-184.272,-318.818,-203.356,-317.353,-221.265,-315.790,-237.748,-314.082,-254.236,-312.382,-269.694,-310.580,-284.687,-308.735,-298.314,-306.762,-311.549,-304.748,-323.565,-302.626,-335.387,-300.474,-345.643,-298.188,-355.637,-295.861,-364.203,-293.418,-373.568,-291.030,-383.375,-288.702,-391.558,-286.206,-399.948,-283.692,-410.212,-279.787,-417.594,-276.753,-424.372,-274.129,-431.332,-271.356,-441.847,-265.644,-452.640,-259.698,-473.068,-245.214,-491.209,-230.299,-497.401,-225.191,-502.421,-221.052,-511.850,-213.222,-525.679,-199.487,-534.740,-189.019,-540.139,-181.566,-545.367,-174.264,-549.222,-168.091,-553.072,-161.926,-556.921,-155.761,-560.768,-149.596,-564.620,-143.431,-568.474,-137.162,-572.618,-129.126,-578.566,-119.761,-582.784,-112.034,-586.764,-104.380,-590.690,-97.505,-594.682,-89.732,-598.785,-80.958,-602.787,-73.115,-606.811,-65.147,-610.852,-56.924,-615.007,-47.532,-619.163,-38.131,-623.325,-28.640,-627.647,-17.516,-631.964,-6.349,-636.648,8.563,-641.422,24.580,-646.487,43.491,-651.571,62.802,-656.768,83.104,-662.015,104.113,-667.664,129.282,-675.934,202.021,-676.690,242.337,-675.134,260.361,-673.218,274.610,-670.955,285.194,-668.685,295.679,-666.281,304.806,-663.970,314.821,-661.700,325.393,-659.536,336.935,-657.272,347.598,-655.120,359.243,-652.965,371.060,-650.524,379.677,-648.064,388.239,-645.456,395.124,-642.524,402.272,-637.391,412.087,-631.845,422.400,-627.303,431.497,-621.274,442.396,-598.596,472.271,-581.028,490.531,-570.687,499.437,-561.465,506.972,-553.830,512.610,-546.442,517.926,-539.013,523.313,-532.803,527.208,-525.224,532.772,-518.598,537.174,-512.432,541.026,-506.261,544.875,-498.555,549.288,-488.205,555.182,-481.644,559.127,-474.959,563.029,-467.124,567.030,-458.537,571.116,-450.541,575.129,-441.836,579.228,-432.425,583.375,-423.033,587.538,-413.625,591.687,-404.229,595.847,-394.824,599.999,-385.359,604.162,-373.915,608.510,-362.387,612.866,-350.278,617.280,-334.727,622.014,-318.338,626.836,-301.019,631.735,-286.934,636.342,-269.649,641.234,-250.578,646.315,-229.537,651.564,-205.374,657.125,-179.499,662.834,-151.524,668.753,-119.287,675.068,-81.292,681.934,-37.785,689.319,9.783,697.088,60.655,705.173,116.766,713.749,203.413,725.226,273.199,735.093,340.859,744.774,497.916,761.569,606.049,768.814,658.566,770.532,700.524,771.234,733.725,771.119,756.688,770.025,774.894,768.487,792.995,766.936,807.882,765.081,822.772,763.228,836.067,761.219,847.967,759.086,858.019,756.767,867.916,754.447,876.084,751.947,884.332,749.473,891.124,746.842,898.009,744.138,910.703,736.614,925.381,726.416,939.031,715.027,952.255,701.609,962.232,690.377,968.426,682.272,974.220,674.497,979.802,666.441,984.760,657.908,988.623,651.690,992.607,644.016,996.770,634.636,1001.056,623.747,1005.419,612.248,1009.847,599.891,1014.343,586.956,1018.947,572.766,1023.489,559.310,1028.112,544.954,1033.341,524.219,1039.620,492.405,1049.840,418.942,1061.887,324.035,1064.484,281.554,1066.502,225.767,1066.642,189.905,1066.340,158.517,1065.560,132.388,1064.331,110.809,1063.077,89.650,1061.474,72.044,1059.896,54.274,1057.973,40.081,1055.928,27.219,1053.650,16.797,1051.375,6.331,1049.205,-5.191,1046.722,-13.503,1044.388,-23.261,1042.006,-32.663,1039.410,-39.635,1036.841,-47.086,1034.340,-55.318,1030.203,-64.802,1024.798,-76.419,1019.233,-86.760,1012.564,-98.435,998.839,-118.162,992.499,-126.006,982.064,-136.544,970.956,-146.380,963.833,-151.381,956.502,-156.636,948.261,-161.505,941.326,-165.437,935.159,-169.277,928.994,-173.135,922.828,-176.975,916.451,-181.089,908.414,-186.893,900.412,-191.027,894.150,-194.882,887.914,-198.739,880.080,-202.746,872.409,-206.736,865.267,-210.680,857.753,-214.652,848.952,-218.756,841.075,-222.760,831.713,-226.920,822.301,-231.066,812.933,-235.228,804.824,-239.253,794.178,-243.533,783.090,-247.842,772.261,-252.137,761.689,-256.401,752.207,-260.564,739.836,-265.001,718.984,-270.239,692.064,-276.057,660.251,-282.330,627.346,-288.718,587.537,-295.745,529.144,-304.403
269.261,-739.982,232.798,-738.702,206.979,-736.003,184.645,-732.949,165.140,-729.608,146.816,-726.146,128.739,-722.659,111.957,-719.040,95.249,-715.413,78.500,-711.791,59.696,-708.378,42.242,-704.828,21.626,-701.599,-1.477,-698.624,-25.121,-695.703,-49.609,-692.869,-72.109,-689.832,-92.946,-686.626,-111.249,-683.162,-130.216,-679.765,-148.536,-676.303,-165.342,-672.686,-182.409,-669.096,-198.029,-665.359,-213.397,-661.597,-227.249,-657.679,-241.121,-653.760,-256.478,-649.276,-270.969,-644.071,-282.622,-639.521,-298.204,-631.654,-315.272,-622.574,-334.950,-611.327,-369.010,-585.356,-395.702,-559.323,-419.212,-535.323,-443.252,-510.890,-459.730,-492.621,-471.415,-478.260,-479.244,-467.037,-487.603,-454.607,-496.151,-440.535,-503.105,-429.242,-509.452,-419.227,-515.806,-409.212,-523.159,-398.288,-532.592,-383.492,-542.837,-367.641,-551.047,-355.374,-557.458,-345.308,-565.248,-334.122,-573.497,-322.562,-582.682,-310.239,-591.605,-298.130,-598.396,-287.759,-604.756,-277.621,-611.268,-265.978,-618.206,-253.773,-628.067,-238.799,-635.403,-227.498,-642.031,-214.759,-648.967,-198.951,-656.424,-178.027,-664.187,-154.094,-671.950,-130.160,-679.900,-104.389,-687.851,-78.615,-695.825,-52.612,-704.379,-20.284,-711.412,10.892,-724.054,106.973,-732.287,225.963,-730.981,265.423,-728.621,294.567,-725.982,320.980,-722.802,342.077,-719.068,357.727,-715.147,371.534,-710.946,382.827,-705.824,396.748,-700.895,409.290,-696.690,420.381,-692.467,431.491,-686.729,444.461,-680.169,458.439,-672.738,473.484,-663.045,491.305,-653.033,509.517,-644.077,526.433,-635.142,543.324,-626.207,560.214,-617.263,577.116,-607.243,595.339,-594.799,616.534,-583.047,636.880,-574.103,653.782,-566.160,669.455,-550.505,693.879,-529.569,720.276,-497.088,762.057,-485.981,776.232,-466.010,798.348,-435.339,830.168,-412.763,851.930,-394.942,867.860,-379.225,881.208,-364.790,892.983,-350.878,904.118,-335.386,917.190,-319.779,930.403,-304.533,943.175,-288.806,956.535,-272.437,970.683,-256.300,984.547,-243.596,994.199,-231.455,1003.161,-220.177,1011.064,-210.117,1017.474,-199.053,1025.115,-188.060,1032.669,-176.561,1040.843,-166.255,1047.466,-154.479,1053.992,-140.544,1060.737,-125.069,1067.639,-107.552,1074.749,-87.849,1082.082,-66.796,1089.552,-43.602,1097.240,-19.501,1105.020,5.534,1112.895,31.897,1120.906,60.504,1129.144,94.271,1137.349,166.477,1145.330,249.260,1149.983,275.938,1147.381,295.105,1144.005,314.602,1140.663,332.726,1137.180,350.530,1133.665,366.945,1130.009,383.295,1126.346,399.010,1122.619,413.568,1118.774,426.853,1114.799,441.001,1110.912,453.896,1106.897,466.678,1102.871,478.931,1098.791,491.645,1094.759,503.041,1090.591,514.123,1086.392,525.209,1082.189,537.101,1077.329,550.092,1071.573,563.806,1065.228,578.435,1058.138,601.010,1044.569,640.965,1016.465,679.551,985.993,699.167,969.961,744.906,935.981,819.884,876.467,865.997,834.524,890.629,809.609,909.568,789.335,923.146,773.431,935.199,758.770,944.415,746.422,952.249,735.200,959.472,724.476,965.824,714.463,972.170,704.455,978.516,694.445,984.918,683.881,991.414,672.397,997.826,661.737,1004.422,649.270,1011.098,636.018,1017.963,620.913,1024.845,605.632,1031.765,589.983,1038.952,571.708,1046.024,554.567,1053.096,537.421,1060.427,517.738,1067.771,497.922,1075.313,476.156,1083.347,449.569,1091.760,419.250,1100.070,389.948,1107.958,364.937,1115.899,338.554,1121.976,275.367,1124.120,212.730,1121.514,186.047,1118.422,164.089,1115.253,142.885,1111.887,123.617,1108.485,104.705,1104.936,87.239,1101.315,70.476,1097.413,56.476,1093.435,43.224,1089.260,31.904,1085.061,20.822,1080.787,9.649,1074.994,-3.389,1068.438,-17.361,1061.894,-31.319,1055.624,-44.941,1047.889,-60.360,1042.009,-73.502,1035.397,-87.544,1028.512,-101.921,1022.675,-115.011,1016.812,-128.134,1009.606,-142.904,1001.527,-158.744,993.402,-174.642,984.091,-191.994,974.130,-210.142,962.792,-229.981,949.543,-252.163,932.234,-279.326,903.926,-319.976,865.208,-372.329,834.894,-408.889,791.885,-456.248,752.334,-498.834,713.837,-540.133,687.962,-567.213,670.916,-584.389,647.334,-607.449,629.315,-623.621,615.613,-634.498,602.464,-644.696,590.741,-653.145,580.565,-659.697,569.156,-667.682,556.972,-674.801,543.829,-681.468,526.904,-688.518,506.878,-695.884,484.669,-703.471,458.380,-711.474,423.211,-720.381,361.915,-731.612
-112.927,-367.547,-145.105,-364.787,-168.882,-361.814,-191.594,-358.859,-213.991,-355.890,-234.390,-352.915,-251.000,-349.930,-264.710,-346.913,-277.178,-343.920,-288.104,-340.880,-298.732,-337.884,-306.125,-334.833,-315.076,-331.819,-322.547,-328.778,-330.357,-325.748,-336.858,-322.714,-344.753,-319.674,-350.977,-316.649,-357.126,-313.591,-363.274,-310.574,-369.423,-307.514,-375.572,-304.490,-381.789,-301.372,-389.665,-296.627,-397.158,-292.256,-404.699,-287.831,-414.298,-281.383,-425.354,-273.466,-443.983,-258.080,-465.255,-238.882,-484.541,-216.987,-496.076,-202.517,-506.597,-189.030,-517.525,-175.150,-526.536,-163.170,-533.147,-153.558,-540.923,-142.812,-546.878,-133.840,-550.091,-127.626,-553.717,-120.958,-558.376,-113.304,-561.489,-107.155,-564.590,-101.031,-567.689,-93.892,-570.785,-86.676,-573.894,-79.688,-576.987,-70.740,-580.109,-63.416,-583.195,-54.304,-586.324,-45.136,-589.419,-35.934,-592.537,-26.751,-595.648,-16.487,-598.762,-5.944,-601.886,5.008,-604.992,16.063,-608.133,28.279,-611.234,40.681,-614.388,54.751,-617.496,67.362,-620.649,83.597,-623.787,100.389,-626.943,119.434,-630.143,147.653,-633.461,204.577,-636.708,240.723,-639.862,263.898,-643.059,287.349,-645.505,392.424,-643.065,453.524,-640.047,462.307,-637.004,468.496,-633.963,474.645,-630.893,480.831,-626.053,488.786,-619.981,498.011,-612.249,508.874,-602.597,521.719,-588.084,539.419,-579.803,548.395,-568.651,560.140,-557.983,570.250,-550.455,577.808,-538.890,587.929,-522.700,601.177,-511.779,609.136,-501.363,616.543,-493.635,621.282,-486.296,625.591,-478.523,630.364,-470.654,635.219,-464.202,638.648,-458.082,641.749,-451.738,644.835,-443.793,647.954,-436.081,651.036,-428.783,654.159,-419.717,657.249,-410.543,660.372,-401.282,663.473,-390.034,666.595,-377.741,669.721,-363.600,672.845,-347.513,675.999,-328.837,679.134,-304.979,682.333,-275.772,685.512,-242.436,688.748,-203.266,691.983,-162.205,695.244,-118.166,698.512,-59.285,701.844,-2.613,705.180,34.222,708.401,65.910,711.633,92.414,714.799,119.204,718.008,146.894,721.188,175.272,724.394,207.310,727.604,238.036,730.810,269.567,734.029,303.330,737.238,336.917,740.476,372.336,743.683,408.173,746.937,452.319,750.189,501.279,753.492,556.054,756.803,612.279,760.128,676.772,763.494,762.486,766.880,873.240,766.978,894.934,764.039,903.449,760.988,911.194,757.977,919.646,754.933,927.688,751.912,935.590,748.876,942.077,745.838,948.225,742.804,954.597,739.533,964.717,732.556,975.445,722.727,984.555,710.775,990.202,702.108,993.588,695.713,998.421,687.863,1001.827,681.436,1004.926,675.315,1008.013,669.194,1011.122,663.074,1014.199,656.811,1017.328,648.226,1020.417,639.017,1023.544,629.348,1026.656,617.227,1029.794,602.871,1032.937,586.441,1036.096,565.205,1039.543,483.819,1042.394,198.081,1039.896,108.010,1036.943,87.822,1033.933,71.308,1030.951,55.602,1027.939,41.525,1024.932,28.992,1021.914,18.671,1018.885,8.614,1015.871,-0.275,1012.677,-9.116,1007.821,-20.122,1004.655,-27.016,1001.639,-34.468,998.521,-41.496,993.770,-49.442,990.417,-57.596,987.090,-64.449,982.321,-73.956,979.191,-80.665,975.520,-87.472,971.014,-95.078,967.449,-101.777,961.512,-110.836,954.135,-121.371,933.519,-145.194,919.272,-160.214,915.168,-164.356,907.652,-171.542,893.342,-183.006,885.476,-187.841,877.871,-192.451,870.417,-195.551,863.503,-198.662,857.380,-201.751,850.911,-204.849,843.086,-207.956,836.658,-211.044,828.702,-214.162,819.327,-217.253,808.390,-220.393,793.252,-223.509,777.485,-226.663,759.218,-229.804,738.750,-232.970,717.346,-236.136,697.760,-239.287,678.595,-242.453,658.844,-245.594,640.535,-248.767,622.055,-251.896,603.733,-255.065,584.052,-258.210,565.231,-261.371,548.537,-264.512,531.845,-267.653,514.802,-270.806,499.169,-273.932,482.074,-277.096,466.590,-280.211,451.336,-283.370,437.178,-286.486,420.947,-289.638,406.442,-292.766,392.461,-295.898,379.795,-299.028,366.156,-302.147,355.246,-305.280,343.159,-308.382,332.803,-311.519,319.387,-314.629,307.707,-317.763,292.912,-320.890,279.302,-324.023,264.335,-327.160,248.991,-330.291,233.706,-333.440,218.330,-336.560,203.069,-339.720,186.190,-342.842,168.894,-346.006,154.901,-349.125,139.631,-352.269,123.328,-355.410,108.843,-358.539,96.536,-361.672,80.518,-364.798,22.005,-368.012
291.702,-385.073,222.045,-388.862,178.655,-389.814,155.578,-388.709,141.044,-386.745,127.094,-384.715,113.972,-382.606,103.395,-380.239,92.669,-377.883,83.555,-375.371,73.998,-372.898,64.576,-370.413,55.494,-367.896,48.266,-365.186,39.558,-362.632,31.893,-359.969,24.742,-357.253,17.590,-354.542,9.267,-351.649,-1.014,-347.520,-8.289,-344.716,-15.441,-341.997,-23.460,-338.577,-32.447,-334.361,-41.569,-330.038,-50.765,-325.656,-61.837,-319.737,-75.517,-311.696,-91.185,-302.028,-116.481,-284.501,-162.883,-249.750,-198.283,-223.675,-216.642,-209.232,-250.491,-180.496,-264.868,-165.651,-272.460,-156.336,-277.627,-148.994,-282.989,-141.495,-287.093,-135.025,-291.181,-128.563,-295.276,-122.101,-299.366,-115.639,-303.457,-109.177,-307.552,-102.716,-311.641,-96.249,-315.844,-88.792,-321.499,-79.581,-328.716,-69.119,-333.079,-62.401,-337.168,-55.939,-341.260,-49.477,-345.353,-43.016,-349.441,-36.553,-353.537,-30.092,-357.627,-23.630,-361.731,-17.039,-366.072,-8.141,-370.504,1.726,-374.951,11.670,-379.706,24.694,-385.205,45.081,-392.371,86.185,-395.679,139.729,-395.798,174.874,-394.934,200.333,-393.929,224.349,-392.567,244.901,-390.901,262.395,-389.088,278.453,-387.130,293.104,-385.256,308.526,-383.221,322.420,-380.979,334.236,-378.612,344.800,-376.234,355.321,-373.711,364.326,-371.179,373.289,-368.645,382.241,-365.981,389.861,-363.445,398.810,-360.747,406.103,-358.033,413.253,-355.315,420.405,-351.942,428.624,-348.200,439.006,-344.496,447.505,-340.874,455.769,-336.867,464.499,-333.562,472.377,-330.460,480.002,-325.136,490.947,-320.108,502.671,-315.860,511.729,-311.668,520.693,-306.436,530.928,-302.208,539.929,-297.396,549.654,-288.821,563.980,-277.246,581.959,-268.430,593.772,-261.762,602.288,-242.796,622.078,-228.982,635.180,-219.042,643.534,-209.523,651.367,-200.003,659.209,-191.346,665.987,-183.277,672.049,-175.319,677.975,-168.139,682.943,-161.670,687.046,-154.251,692.310,-146.862,697.534,-139.555,701.892,-128.537,708.258,-121.363,712.565,-114.900,716.657,-108.281,720.762,-100.021,725.039,-93.055,729.180,-84.810,733.452,-75.933,737.790,-66.067,742.222,-55.264,746.756,-42.126,751.523,-28.856,756.302,-15.553,761.089,1.023,766.200,23.209,771.885,71.058,780.162,134.344,788.726,191.778,791.579,225.836,791.590,249.183,790.513,269.203,789.099,288.099,787.577,304.609,785.806,320.717,783.999,335.416,782.049,346.762,779.756,360.259,777.687,371.342,775.368,380.219,772.828,389.106,770.292,398.099,767.760,405.409,765.065,412.573,762.339,421.242,758.383,431.309,753.292,438.967,750.159,448.011,745.901,455.843,742.630,464.710,738.512,472.758,735.069,481.748,730.851,490.874,726.524,500.674,721.648,509.984,717.167,520.165,711.983,531.549,705.811,545.883,697.232,571.160,679.705,605.799,652.105,626.514,632.223,640.226,617.908,647.313,608.999,654.907,599.682,661.713,591.002,667.766,582.939,673.898,574.285,681.029,563.954,685.312,557.320,689.402,550.858,693.493,544.396,697.590,537.914,701.829,529.952,705.982,522.903,710.076,516.426,714.298,508.652,718.476,501.375,722.723,493.347,726.977,485.287,731.174,477.796,735.407,469.910,739.662,461.866,744.082,452.146,748.397,443.470,752.744,434.513,757.177,424.643,761.719,413.743,766.491,400.563,771.592,384.097,778.245,352.363,786.373,305.973,794.098,263.367,801.914,192.769,802.909,150.163,802.157,123.581,800.770,103.326,798.945,87.386,796.832,74.272,794.740,61.001,792.349,50.631,790.084,39.041,787.716,28.476,785.342,17.926,782.944,7.685,780.294,-0.117,777.751,-8.988,774.623,-18.551,770.687,-27.989,767.883,-35.253,763.206,-44.808,757.434,-55.702,750.280,-68.294,740.372,-84.255,730.148,-100.605,698.739,-142.596,648.730,-203.410,633.781,-220.062,616.276,-237.700,605.526,-247.046,595.997,-254.898,587.238,-261.800,580.311,-266.464,572.254,-272.510,564.153,-278.607,557.468,-282.975,551.006,-287.064,544.544,-291.157,537.401,-295.457,527.625,-301.695,518.342,-306.252,510.091,-310.524,501.977,-314.782,494.816,-318.947,486.649,-323.207,477.470,-327.576,469.260,-331.845,459.241,-336.889,448.749,-342.906,440.559,-347.190,433.466,-351.347,425.281,-355.614,417.122,-359.874,409.034,-364.134,397.296,-368.757,381.218,-373.822,350.482,-380.195
76.209,-526.532,46.266,-524.307,24.948,-521.217,7.761,-517.857,-6.595,-514.311,-19.824,-510.692,-32.683,-507.047,-45.125,-503.376,-57.455,-499.697,-68.127,-495.910,-78.632,-492.111,-89.481,-488.335,-98.804,-484.459,-108.373,-480.279,-119.418,-474.806,-130.859,-468.984,-145.691,-460.189,-178.829,-434.702,-220.693,-395.825,-236.932,-377.383,-249.460,-362.186,-261.316,-347.578,-271.356,-334.562,-282.654,-320.445,-293.195,-306.990,-303.013,-294.169,-312.824,-281.355,-321.668,-269.388,-330.218,-257.679,-338.466,-246.235,-345.093,-236.212,-351.493,-226.390,-358.221,-216.279,-363.360,-207.560,-368.415,-198.917,-373.469,-190.273,-378.528,-181.559,-383.683,-171.381,-388.778,-162.122,-393.941,-151.812,-399.032,-142.621,-404.215,-132.017,-409.392,-121.493,-414.485,-112.272,-419.678,-101.505,-424.843,-91.181,-430.006,-80.872,-435.099,-71.652,-440.328,-60.335,-445.546,-49.195,-450.770,-37.973,-456.080,-25.430,-461.361,-13.333,-466.953,3.521,-472.824,24.606,-479.694,56.483,-487.015,75.773,-487.108,117.324,-488.428,177.098,-485.651,202.898,-482.437,222.315,-479.198,241.345,-475.903,259.527,-472.604,277.657,-469.212,294.360,-465.770,310.293,-462.288,325.623,-458.810,341.014,-455.245,355.081,-451.725,369.833,-448.183,384.249,-444.485,396.284,-440.884,409.804,-437.160,421.445,-433.392,432.409,-429.648,443.748,-425.790,453.345,-421.908,462.575,-418.022,471.808,-413.407,481.874,-407.459,493.459,-401.258,505.333,-392.885,519.684,-381.312,537.685,-368.392,557.221,-353.030,579.541,-332.464,607.797,-299.301,650.357,-276.340,678.177,-254.731,701.155,-238.460,717.711,-221.512,732.506,-207.769,743.377,-195.451,752.621,-184.725,760.051,-175.599,765.655,-166.955,770.711,-158.311,775.765,-149.668,780.819,-140.913,785.881,-130.613,791.044,-121.633,796.120,-112.718,801.193,-102.372,806.358,-91.755,811.542,-77.406,816.971,-65.772,822.221,-55.472,827.384,-46.386,832.468,-36.787,837.585,-27.016,842.713,-18.036,847.789,-7.691,852.955,2.535,858.113,13.412,863.314,24.893,868.555,36.310,873.791,49.066,879.115,62.196,884.464,76.820,889.910,94.244,895.540,113.868,901.315,141.664,907.626,190.716,915.282,268.243,921.473,306.222,919.734,332.367,916.962,354.942,913.955,374.204,910.731,390.944,907.341,406.312,903.862,419.996,900.272,432.722,896.619,445.498,892.969,456.981,889.235,467.586,885.443,478.532,881.674,489.262,877.890,499.273,874.059,510.036,870.278,519.769,866.428,529.059,862.504,541.396,856.835,554.066,850.960,565.219,845.404,578.880,837.636,603.920,819.760,661.205,769.508,694.222,736.468,708.347,719.870,718.223,706.999,726.336,695.673,733.769,684.944,740.302,675.004,745.419,665.820,750.579,655.569,755.742,645.269,760.880,635.351,766.079,624.491,771.281,613.603,776.481,602.741,781.619,592.812,786.780,582.545,791.880,573.206,797.030,563.105,802.141,553.600,807.292,543.485,812.545,531.814,817.912,518.407,823.395,503.215,828.985,486.418,834.663,468.252,840.497,447.725,846.491,424.762,852.438,402.501,858.484,378.743,864.630,353.454,871.288,320.351,878.947,272.077,890.220,189.314,893.973,163.932,889.018,148.089,887.145,107.717,884.660,77.187,881.779,52.685,878.536,33.714,875.100,17.690,871.526,3.760,867.896,-9.321,864.194,-21.287,860.459,-32.759,856.723,-44.217,852.914,-54.571,849.114,-65.054,845.282,-75.176,840.570,-86.903,835.489,-98.853,830.122,-111.311,826.062,-120.787,820.784,-131.609,814.896,-143.126,809.727,-153.823,802.098,-167.325,792.928,-182.585,781.189,-200.774,767.080,-221.656,749.185,-245.056,740.772,-254.637,734.477,-261.436,722.743,-273.148,710.093,-285.470,692.896,-300.430,673.155,-318.140,657.912,-330.720,647.477,-337.817,638.807,-342.903,630.163,-347.957,621.520,-353.012,612.871,-358.066,603.298,-363.182,593.484,-368.313,583.652,-373.445,573.728,-378.583,562.970,-383.776,552.596,-388.944,542.219,-394.112,530.676,-399.357,519.269,-404.592,506.705,-409.904,495.292,-415.140,483.615,-420.393,470.392,-425.748,458.153,-431.038,445.119,-436.380,432.002,-441.728,418.002,-447.134,403.468,-452.574,388.373,-458.052,373.386,-463.522,359.648,-468.911,343.439,-474.461,327.362,-480.003,309.839,-485.640,291.052,-491.359,266.207,-497.476,234.313,-504.056,189.646,-511.473,145.544,-518.852,109.817,-525.385
226.283,-390.863,168.955,-386.974,130.254,-383.764,98.666,-380.735,65.763,-376.577,41.275,-372.408,22.759,-368.239,6.070,-364.070,-9.773,-359.901,-22.717,-355.731,-37.560,-351.562,-51.927,-347.393,-66.695,-343.224,-81.101,-339.055,-94.741,-334.885,-108.765,-330.716,-121.863,-326.547,-134.382,-322.378,-145.862,-318.208,-158.307,-314.039,-171.242,-309.870,-187.575,-305.701,-210.029,-301.532,-240.002,-297.362,-270.578,-293.193,-302.123,-289.024,-335.922,-284.855,-376.745,-280.698,-418.215,-277.673,-450.642,-274.458,-470.283,-270.296,-483.174,-266.127,-494.838,-261.958,-506.164,-257.789,-516.451,-253.620,-525.045,-249.450,-534.239,-245.281,-543.843,-241.090,-553.533,-235.584,-562.629,-230.657,-571.261,-226.194,-581.578,-220.046,-592.006,-213.787,-602.446,-207.517,-614.013,-200.119,-626.524,-191.778,-640.106,-182.364,-656.288,-170.351,-678.672,-151.925,-694.683,-137.215,-714.792,-115.316,-721.209,-104.619,-725.452,-93.542,-729.621,-80.245,-733.790,-66.442,-737.959,-53.918,-742.129,-41.411,-746.298,-28.903,-750.467,-16.325,-754.636,-1.541,-758.806,15.750,-762.975,36.173,-767.144,61.270,-771.313,93.225,-775.483,144.543,-780.128,200.173,-784.874,209.768,-778.323,253.432,-773.942,287.837,-769.773,301.272,-765.604,313.458,-761.353,323.054,-754.822,335.458,-743.184,350.835,-722.243,369.681,-710.160,377.606,-701.248,382.349,-691.381,388.047,-682.502,392.749,-673.173,396.919,-663.563,401.088,-653.358,405.257,-642.046,409.427,-629.669,413.596,-618.863,417.765,-606.653,421.934,-593.402,426.104,-579.465,430.273,-564.607,434.442,-549.575,438.611,-533.325,442.780,-515.931,446.950,-494.018,451.119,-470.601,455.288,-447.224,459.457,-426.762,463.627,-409.999,467.796,-395.194,471.965,-382.642,476.134,-371.503,480.303,-360.069,484.473,-350.896,488.642,-342.556,492.811,-334.141,497.057,-324.172,502.857,-314.644,508.215,-301.646,517.044,-289.484,525.037,-273.342,537.009,-254.585,551.597,-233.748,568.265,-210.235,587.609,-177.102,616.841,-153.856,638.499,-118.802,669.712,-97.755,686.590,-82.651,697.525,-70.584,705.423,-60.860,710.978,-52.497,715.171,-43.899,719.340,-33.602,723.509,-21.822,727.679,-8.490,731.848,5.094,736.017,19.690,740.186,35.106,744.355,50.861,748.525,67.802,752.694,88.486,756.863,132.820,761.032,202.368,765.202,249.094,769.371,294.956,773.540,340.819,777.709,387.434,781.878,439.323,786.048,511.792,790.194,628.954,791.683,704.422,787.885,739.906,783.716,765.054,779.547,782.980,775.378,798.153,771.209,810.924,767.039,822.421,762.870,831.559,758.701,841.235,754.532,850.737,750.278,863.721,744.438,873.362,739.906,881.707,735.735,890.691,730.932,901.597,725.321,910.950,721.110,919.297,716.941,927.635,712.771,935.974,708.602,944.312,704.433,952.685,700.229,962.852,694.232,975.777,685.475,996.236,668.985,1010.860,654.955,1040.715,625.098,1082.722,581.671,1097.271,563.003,1101.734,554.371,1105.903,546.032,1110.072,537.635,1114.242,527.759,1118.411,518.365,1122.580,507.994,1126.749,497.529,1130.919,485.633,1135.088,473.126,1139.257,460.619,1143.426,448.111,1147.595,435.275,1151.765,421.057,1155.934,407.164,1160.103,392.580,1164.272,377.466,1168.442,359.214,1172.611,340.997,1176.780,318.920,1180.957,281.170,1185.341,215.881,1183.324,188.638,1179.001,111.426,1174.832,63.134,1170.662,39.405,1166.493,22.404,1162.324,8.870,1158.155,-3.151,1153.985,-13.590,1149.816,-24.014,1145.647,-34.364,1141.478,-43.758,1137.297,-53.599,1132.013,-65.251,1126.860,-76.537,1122.674,-84.941,1117.498,-94.286,1112.229,-103.724,1106.960,-113.162,1099.779,-124.512,1092.642,-135.819,1084.320,-148.306,1076.523,-159.230,1062.038,-175.611,1030.229,-206.580,1007.070,-225.615,991.887,-236.629,981.189,-243.157,970.770,-249.406,959.779,-255.645,948.688,-261.029,937.086,-266.908,927.932,-271.288,917.632,-275.457,905.190,-279.626,893.059,-283.795,880.779,-287.965,866.266,-292.134,851.354,-296.303,834.764,-300.472,818.087,-304.641,801.423,-308.811,785.938,-312.980,770.401,-317.149,754.553,-321.318,739.640,-325.488,722.656,-329.657,707.496,-333.826,692.011,-337.995,676.464,-342.164,660.702,-346.334,645.348,-350.503,630.386,-354.672,613.999,-358.841,597.236,-363.011,578.796,-367.180,559.331,-371.349,538.437,-375.518,515.132,-379.687,483.965,-383.857,404.231,-388.026,293.555,-391.922
-95.607,-355.293,-142.535,-354.480,-185.018,-353.221,-220.088,-351.553,-251.493,-349.685,-278.900,-347.598,-303.625,-345.363,-325.426,-342.967,-346.758,-340.547,-365.299,-337.973,-380.850,-335.233,-394.953,-332.417,-407.666,-329.523,-418.656,-326.533,-429.984,-323.564,-441.319,-320.595,-452.257,-317.603,-462.619,-314.579,-471.779,-311.492,-480.961,-308.403,-491.099,-305.367,-499.067,-302.214,-508.102,-299.118,-515.597,-295.932,-525.735,-291.767,-537.984,-284.656,-556.618,-271.232,-572.685,-256.969,-591.203,-239.133,-604.718,-223.654,-612.040,-213.689,-619.168,-203.899,-625.099,-195.161,-632.074,-184.240,-636.738,-175.852,-642.568,-165.635,-646.653,-158.226,-650.628,-151.259,-654.637,-143.669,-658.708,-134.910,-662.846,-124.953,-667.020,-114.376,-671.276,-102.243,-675.552,-89.782,-679.919,-75.669,-684.402,-59.424,-688.964,-41.727,-693.600,-22.738,-699.049,11.173,-705.617,93.280,-709.159,165.800,-706.142,188.686,-703.484,206.725,-700.630,220.160,-697.787,233.836,-694.809,244.983,-691.818,255.923,-688.822,266.800,-685.740,276.095,-682.652,285.255,-679.568,294.516,-676.480,303.701,-673.313,311.409,-670.130,318.884,-667.036,327.970,-663.865,335.600,-660.677,342.961,-657.527,351.038,-654.416,359.771,-651.229,367.150,-648.033,374.517,-643.809,383.032,-639.641,391.486,-634.619,400.890,-627.437,412.706,-600.702,445.796,-570.773,478.693,-558.807,489.746,-542.364,504.307,-529.813,514.515,-519.339,522.405,-507.492,531.828,-496.676,540.101,-486.327,547.850,-476.443,555.082,-467.590,561.164,-458.175,567.870,-449.456,573.802,-440.804,579.660,-433.231,584.311,-426.264,588.286,-419.299,592.261,-412.333,596.235,-405.368,600.208,-398.294,604.189,-389.590,608.259,-380.834,612.331,-372.153,616.399,-363.474,620.468,-353.530,624.605,-344.636,628.684,-334.168,632.852,-323.602,637.023,-311.728,641.266,-299.505,645.530,-287.198,649.797,-273.677,654.129,-262.318,658.346,-250.055,662.611,-239.218,666.796,-228.535,670.975,-216.223,675.244,-205.450,679.425,-193.676,683.663,-182.201,687.886,-170.015,692.146,-157.501,696.424,-143.337,700.794,-126.947,705.285,-107.581,709.939,-87.461,714.636,-68.750,719.255,-35.247,724.683,17.764,730.117,85.345,731.060,137.927,730.356,190.177,729.632,244.059,728.996,298.630,728.400,348.260,727.534,398.531,726.700,448.309,725.840,497.369,724.942,549.521,724.212,603.555,723.585,655.339,722.837,686.454,720.953,706.940,718.484,721.861,715.712,735.135,712.850,747.093,709.913,756.934,706.862,767.663,703.860,776.741,700.765,785.271,697.642,792.641,694.455,800.470,690.845,809.533,686.129,817.961,681.985,828.970,675.526,843.532,665.883,862.152,652.606,880.870,639.241,901.915,623.789,947.795,585.124,989.364,545.307,1004.684,528.179,1014.657,515.838,1020.624,507.086,1027.704,497.339,1033.560,488.688,1038.364,480.978,1042.364,473.989,1047.824,465.694,1052.519,458.082,1056.494,451.112,1060.516,443.308,1064.586,434.570,1068.722,424.640,1072.740,416.906,1076.778,408.772,1081.041,396.520,1085.482,381.063,1090.121,361.994,1094.919,339.990,1100.122,310.684,1106.104,275.581,1107.733,246.688,1106.674,201.283,1104.341,178.359,1101.645,162.046,1098.901,146.568,1096.000,134.001,1093.010,123.039,1090.018,112.101,1087.026,101.179,1083.963,91.566,1080.874,82.388,1077.694,74.873,1074.508,67.515,1071.319,60.156,1068.130,52.798,1064.877,45.365,1060.138,36.275,1056.372,28.273,1050.507,17.925,1044.488,7.406,1039.328,-2.153,1031.769,-14.391,1023.570,-27.342,1013.497,-42.385,998.961,-62.360,966.294,-99.546,956.150,-109.878,941.161,-122.960,927.770,-134.107,918.444,-140.716,908.852,-147.620,900.191,-153.488,891.573,-159.307,883.023,-165.049,874.841,-170.381,867.860,-174.373,860.895,-178.346,853.929,-182.320,846.964,-186.295,839.999,-190.268,833.033,-194.242,825.993,-198.221,816.861,-202.314,807.935,-206.395,799.852,-210.431,789.445,-214.594,778.898,-218.764,768.221,-222.942,755.222,-227.248,741.084,-231.615,725.602,-236.056,707.260,-240.656,689.346,-245.230,667.493,-250.021,641.803,-255.024,614.666,-260.105,586.879,-265.221,564.913,-270.019,545.928,-274.653,526.428,-279.314,504.903,-284.088,478.627,-289.123,446.680,-294.467,412.610,-299.928,373.758,-305.654,334.397,-311.405,293.646,-317.233,246.755,-323.400,185.835,-330.335,114.978,-337.815,36.980,-345.688,-46.872,-353.681
296.094,-263.531,246.991,-266.006,215.452,-266.500,194.892,-265.777,180.727,-264.453,170.246,-262.755,159.324,-261.028,148.461,-259.356,134.194,-258.057,120.089,-256.660,103.890,-255.542,87.190,-254.499,71.680,-253.250,59.842,-251.673,48.319,-250.094,36.960,-248.412,26.437,-246.695,17.635,-244.836,6.808,-243.098,-3.733,-241.379,-12.528,-239.523,-22.965,-237.745,-32.711,-235.940,-42.640,-234.202,-51.263,-232.237,-59.917,-230.315,-68.672,-228.455,-79.094,-226.682,-87.991,-224.781,-96.638,-222.910,-103.475,-220.766,-111.074,-218.727,-118.476,-216.726,-126.767,-214.737,-133.690,-212.624,-142.296,-210.748,-149.160,-208.614,-156.777,-206.570,-164.134,-204.564,-172.451,-202.585,-179.337,-200.461,-186.615,-198.447,-194.244,-196.400,-200.421,-194.198,-206.286,-192.037,-212.187,-189.785,-219.945,-186.020,-229.325,-181.007,-242.365,-172.968,-259.762,-161.379,-284.667,-143.694,-301.165,-129.689,-308.123,-123.847,-320.859,-111.053,-328.513,-102.283,-337.527,-92.382,-345.771,-83.183,-352.229,-75.386,-358.591,-67.633,-365.096,-59.845,-369.432,-53.772,-372.765,-48.419,-376.372,-41.316,-379.859,-34.919,-383.481,-26.774,-387.409,-16.564,-391.369,-5.671,-395.619,8.497,-400.817,30.917,-410.721,102.511,-417.962,190.588,-417.715,215.630,-417.090,236.786,-415.964,252.581,-414.550,266.392,-412.852,277.294,-410.996,286.088,-409.197,296.167,-407.109,303.358,-405.233,311.964,-403.103,318.839,-401.056,326.453,-398.904,332.412,-396.855,340.032,-394.654,346.207,-392.492,352.073,-389.381,359.357,-386.364,368.180,-383.812,374.583,-380.132,382.249,-377.864,388.157,-375.317,394.497,-370.761,403.246,-367.394,410.505,-363.602,418.380,-360.372,425.498,-357.021,432.735,-353.228,440.610,-349.973,447.763,-343.768,458.514,-337.042,470.006,-326.526,486.089,-312.451,504.105,-299.229,517.374,-290.065,525.524,-283.599,530.294,-275.868,536.728,-269.753,541.122,-263.988,545.028,-257.316,550.152,-252.009,553.555,-246.716,556.879,-241.431,560.288,-235.166,563.954,-225.451,569.578,-217.659,573.345,-211.316,576.840,-203.231,580.455,-195.187,584.145,-186.376,587.900,-176.911,591.660,-168.543,595.379,-158.749,599.241,-150.574,602.866,-142.523,606.549,-133.758,610.307,-122.842,614.218,-111.729,618.217,-98.471,622.446,-84.671,626.658,-70.235,631.000,-48.357,636.131,38.984,648.009,123.489,659.653,177.625,668.151,245.030,677.948,330.514,687.720,376.677,689.744,410.893,690.538,446.364,691.410,471.738,691.194,489.322,690.254,503.355,688.894,515.647,687.310,527.482,685.771,538.075,684.056,548.892,682.317,556.418,680.327,562.308,678.125,568.182,675.871,574.047,673.704,579.935,671.488,587.442,667.910,594.359,664.887,603.054,660.396,615.503,652.809,635.510,639.104,656.918,620.996,669.660,608.151,681.949,595.600,689.276,587.087,695.879,579.220,704.217,569.877,710.943,561.850,717.439,554.069,721.904,547.871,728.746,539.746,735.261,531.951,738.956,526.380,744.242,519.514,747.714,514.186,751.171,507.893,754.649,501.284,758.446,492.361,761.942,485.733,765.570,477.651,769.318,469.202,773.243,458.492,777.166,447.547,781.198,436.367,785.421,422.833,789.976,405.794,794.865,386.395,800.388,360.413,808.745,295.923,810.807,249.724,811.514,215.899,811.399,190.403,810.745,169.192,809.296,156.016,807.601,145.677,805.886,134.676,803.811,125.567,800.316,114.858,798.246,106.494,796.139,99.564,794.111,92.417,791.869,86.538,789.648,80.667,787.487,74.802,785.281,68.602,783.093,60.827,779.307,52.909,776.998,46.590,774.951,38.982,772.795,33.071,770.535,27.166,766.817,18.657,762.754,8.897,759.399,1.625,749.315,-13.903,705.723,-67.808,693.508,-82.828,678.150,-98.976,665.107,-111.959,655.064,-121.174,647.006,-127.923,639.221,-134.424,633.208,-138.676,627.365,-142.691,620.731,-147.773,613.903,-153.033,608.293,-156.756,603.010,-160.174,597.721,-163.540,591.854,-167.500,583.397,-172.778,577.880,-176.190,572.531,-179.521,565.430,-183.127,559.899,-186.525,553.098,-190.007,547.243,-193.480,541.118,-196.944,534.569,-200.399,528.928,-203.847,521.922,-207.406,515.072,-210.893,507.381,-214.551,501.031,-218.044,492.946,-221.660,484.904,-225.351,476.066,-229.108,465.096,-233.024,451.887,-237.250,435.792,-241.767,417.520,-246.445,388.635,-252.302,343.881,-259.657
411.914,-256.539,336.225,-262.479,279.422,-266.421,231.584,-269.438,188.864,-271.706,151.886,-273.387,115.352,-275.022,79.041,-276.635,44.300,-278.088,10.769,-279.417,-22.990,-280.799,-56.211,-282.333,-91.295,-284.058,-124.447,-285.586,-157.513,-287.104,-188.596,-288.421,-217.656,-289.530,-246.044,-290.522,-265.581,-290.422,-283.016,-290.108,-298.883,-289.634,-314.034,-289.086,-327.438,-288.361,-337.699,-287.314,-351.114,-286.659,-361.441,-285.856,-371.757,-285.052,-382.073,-284.248,-392.343,-283.439,-400.662,-282.431,-408.895,-281.415,-415.097,-280.102,-421.057,-278.616,-427.018,-277.130,-431.902,-275.535,-436.880,-273.904,-444.473,-270.595,-448.699,-268.837,-452.810,-267.271,-458.760,-264.412,-468.311,-260.335,-475.343,-256.547,-483.195,-252.049,-497.317,-242.397,-517.738,-224.035,-524.187,-216.997,-526.680,-213.280,-529.152,-209.581,-531.729,-204.851,-534.311,-200.076,-536.783,-196.377,-539.278,-192.455,-541.794,-186.867,-544.033,-183.133,-546.278,-179.335,-548.722,-173.585,-551.171,-167.789,-553.620,-161.994,-556.069,-156.193,-558.850,-148.790,-561.697,-141.415,-564.801,-131.528,-568.225,-118.504,-572.042,-101.626,-576.477,-78.702,-581.854,-46.546,-588.393,-1.171,-597.018,65.122,-599.820,98.793,-604.248,134.759,-628.944,135.939,-606.238,141.583,-603.772,147.686,-603.211,162.414,-602.513,176.083,-601.530,186.973,-600.420,196.610,-599.309,206.246,-598.199,215.882,-597.088,225.519,-596.272,235.807,-595.468,246.123,-594.657,256.370,-593.646,264.665,-592.627,272.874,-591.411,279.149,-590.373,287.269,-588.901,293.362,-587.562,300.758,-586.144,307.390,-584.659,313.351,-583.237,319.938,-581.902,327.379,-580.449,333.366,-579.222,339.536,-577.995,345.707,-576.774,351.945,-575.743,360.036,-574.322,364.310,-573.086,370.391,-571.805,376.518,-570.319,382.478,-568.834,388.439,-567.348,394.399,-565.862,400.359,-564.317,405.738,-562.676,410.172,-561.253,416.078,-559.825,420.280,-558.587,426.347,-557.153,430.485,-554.970,435.498,-552.383,441.005,-550.944,445.103,-549.314,449.337,-545.873,455.629,-544.178,459.778,-542.449,463.969,-538.968,470.310,-535.409,476.746,-530.098,485.333,-525.003,493.776,-502.992,522.909,-492.916,533.178,-491.098,536.391,-482.001,545.556,-470.928,557.079,-459.807,568.661,-454.043,573.525,-447.259,579.518,-442.572,582.939,-437.923,586.313,-432.549,590.576,-427.618,594.297,-423.888,596.535,-418.369,599.104,-412.832,601.763,-408.573,604.292,-403.865,606.867,-397.589,609.602,-389.744,612.497,-380.131,615.573,-364.544,619.091,-289.494,628.610,318.495,690.001,360.894,694.466,378.907,696.714,462.248,704.269,477.945,707.370,510.819,708.899,525.911,712.324,650.869,723.051,756.252,731.716,788.600,732.924,810.393,733.055,823.240,732.272,831.322,731.211,837.685,730.003,847.865,729.185,856.106,728.169,862.309,726.945,866.492,725.515,870.737,723.958,877.016,720.536,881.253,718.769,887.698,715.203,896.675,709.575,917.764,692.888,923.172,686.796,925.749,683.002,929.877,677.645,932.758,671.592,934.999,667.833,937.237,664.110,939.477,660.354,941.915,654.662,944.193,650.836,947.008,643.771,949.856,636.396,952.936,626.733,956.337,613.934,960.182,596.789,964.701,573.036,970.074,540.441,976.654,494.183,985.638,424.377,999.963,309.336,1022.686,305.697,1001.767,298.527,1011.815,171.976,1016.802,104.261,1017.079,81.036,1016.348,67.684,1015.313,57.308,1014.203,47.672,1013.035,38.595,1011.737,30.796,1010.545,22.831,1009.520,14.685,1008.303,8.410,1007.277,0.270,1006.056,-5.960,1004.829,-12.131,1003.601,-18.302,1002.256,-24.376,1000.607,-28.743,999.069,-34.189,997.583,-40.149,996.018,-45.325,994.344,-49.447,992.671,-53.570,991.125,-57.679,989.696,-61.872,987.290,-69.373,984.205,-75.541,981.800,-80.826,979.919,-85.466,976.830,-91.590,973.364,-98.012,967.978,-106.691,962.583,-115.382,956.928,-124.391,942.657,-143.975,934.653,-154.811,930.688,-157.609,926.972,-159.914,923.249,-162.152,919.453,-164.397,913.704,-166.841,907.870,-169.293,900.106,-171.943,894.206,-174.403,886.846,-177.199,879.471,-180.046,872.096,-182.893,863.757,-185.839,855.238,-188.803,847.863,-191.650,840.333,-194.513,830.377,-197.416,818.025,-200.535,797.853,-204.451,777.442,-208.392,753.129,-212.732,728.625,-217.091,698.263,-222.048,663.633,-227.668,609.728,-235.265,496.023,-248.898
210.392,-208.372,164.368,-210.388,125.285,-211.521,94.739,-211.732,63.897,-212.049,32.651,-212.355,-0.037,-212.805,-30.831,-213.118,-56.854,-212.868,-73.182,-211.651,-83.424,-209.836,-92.767,-207.859,-103.289,-206.063,-112.433,-204.116,-123.693,-202.337,-135.487,-200.690,-145.258,-198.789,-154.130,-196.781,-161.662,-194.696,-169.488,-192.577,-175.792,-190.322,-181.911,-188.088,-189.841,-185.912,-197.969,-182.114,-204.358,-179.562,-210.999,-177.243,-220.570,-173.538,-226.924,-171.021,-235.484,-167.272,-246.059,-162.646,-254.084,-158.743,-262.186,-154.774,-271.336,-149.998,-280.581,-145.073,-289.453,-140.495,-296.682,-137.265,-305.797,-132.445,-312.998,-129.243,-322.935,-123.794,-337.345,-114.675,-361.795,-97.456,-394.281,-73.070,-411.770,-56.816,-420.823,-46.790,-427.468,-38.788,-431.931,-32.526,-435.389,-26.945,-440.642,-17.957,-445.063,-10.083,-448.710,-2.754,-452.500,5.514,-456.221,13.869,-460.016,22.464,-464.051,33.289,-468.398,47.716,-473.803,71.760,-479.770,101.515,-485.188,126.410,-486.726,139.954,-486.293,163.423,-485.526,183.990,-484.075,198.428,-482.434,210.309,-480.539,220.106,-478.457,228.300,-476.367,235.774,-474.140,242.523,-471.942,249.411,-469.830,256.693,-467.513,262.733,-464.978,269.096,-461.147,277.061,-458.724,283.230,-454.521,291.664,-449.671,300.861,-444.569,310.334,-435.662,324.563,-425.566,340.191,-414.539,356.734,-408.917,363.724,-389.453,390.641,-372.130,410.715,-352.838,431.236,-339.763,444.037,-325.483,458.392,-310.348,473.778,-300.711,482.354,-291.371,490.652,-285.170,495.030,-279.725,498.474,-274.286,501.974,-268.794,505.410,-260.591,510.088,-251.262,515.172,-244.256,518.756,-236.712,522.452,-228.413,526.217,-219.991,529.945,-209.892,533.923,-200.345,537.799,-189.156,541.828,-178.055,545.911,-165.674,550.060,-153.525,554.207,-142.415,558.286,-131.046,562.317,-114.566,566.928,-93.361,571.250,-45.607,577.686,8.086,586.142,81.780,596.111,157.895,601.845,192.100,602.430,217.534,602.171,240.669,601.664,260.724,600.791,277.193,599.627,293.255,598.373,306.418,596.808,321.116,595.462,335.309,593.997,348.251,592.428,363.038,591.085,378.947,589.785,393.245,588.373,408.947,587.106,423.480,585.664,439.434,584.441,454.955,583.137,470.197,581.781,486.427,580.593,503.130,579.392,520.587,578.282,536.724,577.084,553.091,575.831,570.006,574.683,588.502,573.710,604.545,572.423,624.738,571.632,641.548,570.466,657.905,569.219,672.670,567.880,685.197,566.254,696.133,564.467,705.058,562.527,712.116,560.319,720.767,558.315,727.986,556.185,734.026,553.868,740.448,551.295,749.328,546.710,758.572,541.788,769.603,535.388,783.085,523.338,788.540,516.293,792.483,510.422,796.012,504.599,799.649,497.451,803.243,490.405,806.845,483.971,810.565,475.844,814.122,469.337,817.678,463.346,821.266,456.317,824.910,449.151,828.505,442.640,832.213,434.403,835.808,427.892,839.452,420.726,843.048,413.614,846.793,405.790,850.370,399.092,854.107,390.798,857.898,382.529,861.626,374.183,865.461,365.116,869.934,350.131,874.278,335.730,879.657,311.104,883.878,262.472,884.166,231.949,882.780,216.890,881.066,205.446,878.987,197.708,876.720,191.178,874.586,184.000,872.434,176.780,870.372,168.315,868.427,159.429,866.219,152.581,864.006,145.758,862.061,136.874,860.002,128.395,857.754,122.094,855.665,114.498,853.401,107.945,851.147,101.875,849.047,94.203,846.775,87.734,844.534,81.703,841.356,74.572,838.060,67.311,835.818,61.276,832.437,53.916,827.812,45.000,824.093,37.156,817.905,26.358,813.066,17.158,808.228,7.959,801.924,-2.982,792.749,-17.430,776.569,-36.152,768.295,-43.116,758.938,-49.798,751.211,-55.275,744.878,-58.867,736.573,-62.584,728.304,-66.375,719.981,-70.122,711.647,-73.860,703.378,-77.651,695.035,-81.382,686.720,-85.136,677.813,-88.986,667.997,-92.857,659.687,-96.629,651.372,-100.399,641.534,-104.273,632.652,-108.123,623.376,-111.973,613.759,-115.838,603.653,-119.818,594.050,-123.684,584.533,-127.557,573.852,-131.595,563.874,-135.483,553.534,-139.459,543.140,-143.448,533.228,-147.330,522.500,-151.364,512.999,-155.243,501.798,-159.266,490.699,-163.349,479.481,-167.386,468.081,-171.448,453.489,-175.890,432.156,-180.951,396.055,-187.576,312.300,-198.978
282.138,-655.812,201.188,-660.194,138.856,-662.272,105.867,-661.200,82.825,-659.061,64.092,-656.459,49.026,-653.463,34.121,-650.451,21.345,-647.210,8.489,-643.977,-4.117,-640.717,-15.436,-637.320,-26.170,-633.859,-36.806,-630.382,-49.340,-626.171,-62.442,-621.802,-72.147,-618.213,-81.757,-614.632,-91.366,-611.051,-100.975,-607.470,-110.584,-603.889,-120.194,-600.308,-129.803,-596.727,-139.477,-593.094,-150.733,-588.185,-161.099,-583.994,-172.562,-578.919,-184.037,-573.833,-198.441,-566.387,-215.204,-557.039,-239.046,-541.944,-297.053,-496.425,-334.411,-462.463,-353.852,-442.625,-367.934,-427.108,-383.331,-410.530,-398.856,-393.850,-421.921,-371.091,-449.030,-345.071,-474.514,-320.361,-494.025,-300.468,-509.923,-283.486,-526.442,-266.004,-540.044,-250.874,-554.603,-234.971,-568.043,-219.972,-583.793,-203.109,-603.279,-183.235,-622.675,-163.434,-638.379,-146.609,-651.806,-131.619,-661.373,-119.741,-668.538,-109.800,-675.076,-100.364,-680.621,-91.728,-686.195,-82.773,-691.957,-72.060,-697.688,-61.637,-703.415,-51.250,-709.273,-39.649,-715.092,-28.402,-720.909,-17.189,-726.775,-5.507,-732.670,6.445,-738.716,19.799,-745.219,37.419,-754.768,83.469,-778.213,273.927,-787.011,388.374,-785.553,417.752,-782.854,435.582,-779.727,449.425,-776.288,460.360,-772.710,469.993,-769.129,479.602,-765.547,489.212,-761.695,499.158,-756.622,510.618,-752.453,520.956,-747.517,532.246,-743.156,542.823,-737.560,554.932,-731.689,567.381,-725.340,580.425,-716.261,596.763,-705.525,612.525,-690.254,629.853,-675.919,642.549,-663.206,653.153,-649.675,664.770,-632.639,680.735,-617.637,694.178,-606.063,703.368,-595.841,710.881,-587.117,716.536,-578.119,722.114,-567.356,727.882,-556.351,733.676,-543.707,739.645,-530.504,745.675,-516.225,751.820,-502.006,757.958,-487.426,764.136,-473.453,770.248,-458.667,776.447,-445.979,782.422,-433.975,788.323,-422.037,794.216,-409.749,800.148,-398.052,806.016,-386.176,811.903,-374.486,817.770,-362.201,823.701,-349.910,829.633,-336.929,835.638,-325.215,841.508,-312.598,847.475,-299.227,853.522,-284.363,859.730,-270.922,865.785,-257.731,871.814,-244.537,877.842,-230.617,883.949,-215.907,890.140,-200.736,896.381,-184.077,902.781,-167.235,909.201,-148.640,915.810,-130.692,922.349,-110.944,929.081,-88.202,936.134,-65.679,943.164,-44.606,950.038,-20.207,957.269,2.463,964.315,26.540,971.512,51.141,978.765,75.715,986.015,99.416,993.171,125.335,1000.565,150.644,1007.894,176.193,1015.249,201.830,1022.613,228.970,1030.138,256.602,1037.717,284.514,1045.325,313.821,1053.083,345.350,1061.079,379.737,1069.383,418.406,1078.145,463.471,1087.594,544.491,1100.402,652.070,1110.170,682.536,1108.856,707.131,1106.884,728.968,1104.615,747.918,1102.036,766.573,1099.426,783.099,1096.587,798.958,1093.677,812.825,1090.482,828.918,1086.055,840.470,1082.165,850.087,1078.584,859.724,1074.980,870.791,1070.224,882.920,1064.611,895.679,1058.492,909.343,1051.642,926.091,1042.301,959.259,1018.351,984.743,994.736,995.145,982.187,1003.323,971.428,1011.246,960.846,1017.371,950.467,1022.983,941.158,1028.606,931.741,1034.408,920.657,1040.406,907.753,1046.576,893.243,1053.050,875.897,1059.640,857.471,1066.413,837.342,1073.214,816.949,1079.889,797.735,1086.627,777.933,1093.395,757.849,1100.261,736.853,1107.202,715.157,1116.291,673.408,1138.081,501.700,1154.018,352.349,1160.029,261.381,1167.451,149.271,1170.503,77.864,1170.667,33.357,1169.384,2.340,1167.593,-23.952,1165.499,-47.418,1163.395,-70.790,1161.360,-94.803,1158.932,-115.158,1156.135,-132.074,1153.011,-145.942,1149.688,-157.958,1146.249,-168.887,1142.799,-180.002,1138.072,-192.097,1132.250,-207.026,1126.293,-220.791,1120.671,-232.945,1114.838,-245.348,1108.456,-258.432,1100.322,-273.689,1089.190,-292.665,1073.128,-317.754,1050.100,-350.505,1024.431,-382.440,984.652,-428.002,964.643,-447.660,953.064,-456.856,942.076,-464.953,930.468,-472.255,920.242,-477.997,910.885,-483.613,900.604,-489.329,890.613,-495.014,880.901,-500.669,871.846,-506.253,861.539,-511.972,851.274,-517.686,842.004,-523.294,831.681,-529.014,821.619,-534.707,812.055,-540.346,803.415,-545.885,794.103,-551.497,783.110,-557.290,769.821,-563.329,751.481,-569.909,730.108,-576.816,705.711,-584.047,677.211,-591.718,646.415,-599.636,613.270,-607.806,569.852,-617.079,516.144,-627.455,438.972,-640.044
-88.726,-410.865,-147.010,-411.185,-192.846,-410.632,-232.293,-409.747,-266.727,-408.555,-291.140,-406.818,-309.198,-404.707,-326.586,-402.569,-341.992,-400.312,-354.981,-397.922,-367.615,-395.513,-380.236,-393.097,-392.876,-390.694,-404.592,-388.222,-412.859,-385.577,-423.643,-383.048,-433.124,-380.476,-440.767,-377.765,-450.190,-375.192,-459.690,-372.588,-469.220,-370.017,-478.207,-367.388,-486.085,-364.719,-493.345,-361.997,-500.908,-359.307,-508.665,-356.617,-517.849,-354.013,-527.362,-351.427,-536.217,-348.462,-551.019,-337.725,-564.475,-325.056,-571.886,-317.047,-579.170,-307.578,-587.383,-297.299,-592.029,-290.177,-595.513,-284.126,-598.965,-277.967,-602.551,-270.069,-606.092,-262.412,-609.742,-253.285,-613.373,-244.110,-617.021,-234.954,-620.656,-225.783,-624.322,-216.222,-628.121,-204.225,-632.049,-189.938,-636.162,-172.458,-641.265,-137.272,-650.863,-22.632,-659.476,74.848,-665.061,114.876,-668.773,128.612,-669.882,149.439,-674.710,179.584,-679.555,210.429,-684.232,237.679,-688.903,265.359,-693.475,290.820,-697.987,315.612,-702.536,340.757,-707.279,369.555,-712.174,400.906,-717.482,452.610,-718.550,513.403,-718.165,561.997,-717.560,606.531,-715.625,627.751,-713.135,638.793,-710.536,648.302,-707.956,657.673,-705.209,664.659,-702.465,671.179,-698.451,680.935,-693.490,689.969,-685.860,699.928,-679.426,706.972,-664.938,720.178,-656.228,726.612,-649.475,730.419,-639.430,734.107,-625.541,738.014,-613.869,741.798,-602.394,745.565,-582.309,749.823,-494.019,756.171,-429.924,756.825,-398.535,755.486,-377.602,753.528,-361.523,751.329,-343.383,749.210,-316.865,747.601,-284.577,746.283,-251.576,745.035,-217.775,743.807,-185.912,742.490,-145.431,741.644,-73.203,742.600,-0.338,743.585,38.343,742.643,69.490,741.280,100.889,739.923,134.544,738.705,164.899,737.285,191.710,735.686,218.529,734.061,243.660,732.372,266.143,730.498,289.759,728.726,315.300,727.027,341.991,725.424,367.538,723.729,394.416,722.132,423.927,720.666,457.878,719.464,499.111,718.663,542.165,717.970,582.563,717.126,615.348,715.849,643.149,714.300,665.919,712.453,684.570,710.392,702.851,708.288,720.069,706.150,735.770,703.896,751.568,701.682,766.654,699.391,779.457,697.007,792.052,694.580,803.415,692.109,814.723,689.614,824.425,687.046,831.785,684.332,838.255,681.577,846.337,678.909,853.110,676.166,859.513,673.407,865.916,670.639,872.605,667.866,882.437,663.717,889.473,660.487,895.877,657.709,902.977,654.340,911.024,650.091,920.026,645.024,929.735,639.293,940.527,632.624,952.250,625.098,963.504,618.012,978.059,607.952,998.577,590.299,1011.765,575.661,1021.100,564.365,1025.368,557.595,1028.840,551.498,1032.404,543.565,1036.053,534.415,1039.683,525.239,1043.335,516.088,1046.970,506.749,1050.768,495.103,1054.491,484.136,1058.425,470.090,1062.486,453.188,1066.632,435.296,1070.555,420.927,1074.507,406.395,1078.568,389.664,1082.928,367.818,1088.201,329.676,1093.912,277.542,1097.675,235.999,1108.151,74.915,1110.808,5.922,1112.397,-76.020,1111.733,-119.808,1109.881,-142.101,1107.761,-160.173,1105.378,-172.977,1102.878,-184.353,1100.317,-194.016,1097.714,-203.511,1095.067,-211.732,1092.424,-220.433,1089.774,-228.665,1086.963,-235.623,1082.357,-247.012,1075.710,-258.873,1069.017,-269.681,1060.191,-282.193,1047.170,-294.365,1040.256,-298.788,1034.205,-302.262,1028.153,-305.715,1022.083,-309.195,1014.525,-312.729,1007.255,-316.281,999.623,-319.816,991.140,-323.435,981.961,-327.061,972.810,-330.713,963.634,-334.344,954.018,-338.018,942.082,-341.809,931.517,-345.532,919.574,-349.328,906.596,-353.182,886.091,-356.835,867.616,-355.620,855.875,-353.151,846.491,-350.567,838.807,-347.865,830.894,-345.203,821.975,-342.566,813.917,-339.916,805.637,-337.241,797.709,-334.581,790.041,-331.876,780.714,-329.291,770.724,-326.721,758.417,-324.300,747.526,-321.786,736.234,-319.302,722.942,-316.928,709.894,-314.539,695.009,-312.259,676.451,-310.177,648.707,-308.627,596.820,-308.863,526.988,-314.864,476.464,-320.853,435.996,-326.242,400.852,-331.367,372.831,-336.052,352.847,-340.319,335.999,-344.379,321.654,-348.323,307.776,-352.220,295.474,-356.045,283.117,-359.861,268.754,-363.797,252.274,-367.849,233.161,-372.049,209.279,-376.524,184.235,-381.054,156.888,-385.729,127.189,-390.516,94.721,-395.485,50.418,-401.092,-13.240,-407.686
307.680,-234.540,264.172,-236.596,194.104,-241.344,133.206,-245.064,96.446,-246.188,66.718,-246.643,36.914,-247.169,11.250,-247.192,-14.498,-247.161,-39.563,-247.129,-61.361,-246.816,-82.374,-246.349,-98.948,-245.356,-115.048,-244.386,-128.682,-243.217,-143.099,-242.056,-156.336,-240.713,-167.306,-239.208,-178.250,-237.756,-189.052,-236.214,-199.350,-234.563,-206.842,-232.695,-212.406,-230.679,-217.978,-228.566,-226.695,-223.856,-242.215,-213.706,-256.934,-203.861,-262.226,-199.468,-275.353,-190.869,-280.831,-186.308,-295.116,-174.618,-299.870,-170.948,-303.905,-167.752,-311.142,-160.205,-317.035,-152.958,-320.371,-147.861,-323.625,-142.872,-326.795,-137.874,-330.379,-132.474,-336.569,-123.475,-341.252,-117.016,-344.517,-111.146,-347.770,-104.909,-351.001,-99.722,-354.446,-92.921,-357.715,-86.929,-361.120,-79.247,-364.607,-71.642,-368.175,-63.659,-372.073,-51.660,-376.174,-37.330,-380.456,-22.168,-385.304,-1.981,-393.342,49.529,-404.852,142.780,-406.488,182.189,-405.510,198.910,-404.306,212.549,-403.135,226.166,-401.635,237.575,-400.025,248.271,-398.438,258.240,-396.859,267.965,-395.104,276.960,-393.415,286.898,-391.655,295.201,-389.921,303.444,-388.075,311.597,-386.196,319.723,-384.526,328.856,-382.759,336.794,-380.825,344.119,-378.709,349.987,-376.664,355.531,-374.647,361.073,-372.524,366.625,-370.349,372.213,-366.721,379.714,-364.025,386.093,-360.424,393.468,-356.914,400.703,-354.143,407.149,-350.503,414.693,-347.440,421.402,-342.890,429.921,-338.735,438.077,-334.807,445.976,-325.691,458.783,-313.608,471.004,-303.722,480.282,-296.650,486.107,-289.841,491.481,-282.953,496.932,-277.026,501.325,-271.034,505.817,-266.031,508.959,-261.029,512.082,-256.039,515.322,-251.050,518.576,-246.034,521.715,-239.488,525.000,-233.708,528.325,-226.907,531.769,-220.831,535.016,-213.145,538.421,-205.820,541.910,-200.073,545.244,-191.429,548.759,-184.197,552.116,-177.157,555.577,-169.598,559.100,-161.902,562.514,-154.198,565.920,-146.379,569.465,-137.007,573.179,-128.234,576.703,-119.393,580.229,-107.704,584.182,-95.492,588.193,-81.913,592.219,-66.727,596.411,-55.567,600.310,-40.829,604.587,-25.025,608.844,-9.184,613.104,7.899,617.626,25.435,622.195,58.645,628.277,128.142,638.164,237.519,650.180,289.731,652.960,325.081,654.068,353.718,654.468,376.454,654.121,394.626,653.301,415.697,652.911,432.067,652.023,447.905,650.953,463.768,649.893,477.943,648.780,492.124,647.660,504.057,646.180,516.034,644.715,525.435,643.102,534.679,641.462,542.825,639.567,552.803,636.206,562.449,632.309,568.275,630.063,573.830,627.915,579.384,625.780,584.925,623.762,591.086,621.229,599.571,616.707,606.300,613.622,614.167,609.720,623.196,604.861,634.728,597.871,650.440,587.505,680.328,563.661,695.436,548.992,704.706,539.130,711.915,530.918,715.877,525.237,720.986,518.645,724.273,513.630,727.505,508.639,730.629,503.636,733.775,498.636,737.093,493.037,740.758,483.901,744.168,476.167,747.605,468.414,751.319,459.043,754.906,450.627,758.595,440.231,762.479,428.242,766.352,417.354,770.372,404.784,774.225,392.831,778.302,379.015,782.634,363.745,786.949,348.349,791.244,332.175,798.733,285.765,803.965,241.924,805.177,233.373,805.841,227.592,808.576,180.241,808.809,151.980,807.443,139.294,805.714,130.995,803.930,122.879,801.861,116.566,799.934,109.258,798.048,102.459,796.260,94.361,794.191,88.047,792.334,80.087,790.470,73.083,788.424,67.422,786.466,60.055,784.378,54.312,782.360,48.771,780.301,43.225,778.152,37.669,775.950,31.993,772.135,22.839,768.435,14.292,765.134,7.313,760.662,-1.160,756.343,-9.542,751.313,-18.750,744.272,-30.343,731.210,-49.409,718.805,-64.943,712.678,-72.654,695.457,-91.350,681.884,-105.108,673.160,-112.972,665.777,-119.118,657.209,-125.214,649.675,-130.576,644.662,-133.860,638.949,-137.137,632.569,-140.405,627.562,-143.583,622.215,-146.875,615.491,-150.256,609.156,-153.519,601.654,-156.961,595.545,-160.332,586.368,-163.969,578.615,-167.381,569.149,-171.030,559.385,-174.785,550.110,-178.430,539.630,-182.128,526.474,-186.166,510.834,-190.538,492.085,-195.173,472.208,-199.857,452.165,-204.620,431.753,-209.491,411.729,-214.259,393.195,-218.801,374.865,-223.387,352.572,-228.456,324.014,-233.958
258.476,-362.848,219.879,-361.625,195.359,-359.195,174.584,-356.513,156.383,-353.658,140.433,-350.652,125.455,-347.582,110.478,-344.510,95.981,-341.407,80.161,-338.393,62.417,-335.507,43.910,-332.673,26.441,-329.769,9.930,-326.801,-6.574,-323.833,-23.078,-320.864,-39.516,-317.891,-54.413,-314.815,-69.936,-311.780,-84.418,-308.676,-97.453,-305.475,-109.901,-302.234,-122.347,-298.993,-134.557,-295.736,-145.290,-292.380,-156.567,-289.061,-167.006,-285.685,-177.343,-282.303,-186.081,-278.813,-196.105,-275.409,-204.950,-271.927,-214.846,-268.515,-223.790,-265.039,-232.288,-261.430,-242.565,-256.266,-253.119,-250.859,-264.362,-244.851,-279.860,-235.122,-300.059,-221.284,-318.214,-209.232,-336.729,-196.866,-351.765,-187.542,-367.710,-177.995,-386.354,-166.892,-398.902,-159.783,-419.819,-145.271,-472.869,-100.092,-502.063,-73.245,-548.393,-30.041,-592.787,10.639,-626.972,42.775,-654.493,69.217,-671.645,88.021,-679.470,98.682,-685.897,108.120,-690.531,115.999,-695.213,125.022,-700.074,136.717,-705.022,149.717,-711.360,192.252,-713.753,262.245,-711.051,282.603,-707.946,297.080,-704.706,309.542,-701.347,320.220,-697.788,329.048,-692.722,341.050,-685.372,353.934,-665.595,378.617,-651.256,393.833,-626.541,418.025,-603.525,439.984,-582.858,459.255,-566.870,473.174,-549.321,488.879,-536.625,499.033,-522.565,510.746,-511.499,519.035,-498.356,529.699,-486.625,538.749,-474.175,548.620,-464.124,555.748,-453.712,563.288,-442.934,571.248,-434.146,576.931,-425.032,582.987,-416.626,588.233,-407.393,594.425,-399.504,599.079,-391.661,603.682,-383.817,608.285,-375.972,612.887,-367.281,617.765,-354.848,624.390,-346.244,629.235,-338.399,633.838,-330.556,638.440,-322.712,643.043,-314.868,647.646,-307.025,652.248,-299.027,656.862,-289.477,661.579,-281.378,666.199,-272.835,670.848,-263.551,675.548,-253.572,680.294,-242.722,685.098,-229.796,690.042,-215.782,695.059,-196.348,700.439,-173.192,706.070,-150.015,711.702,-125.054,717.453,-98.022,723.344,-68.977,729.369,-37.070,735.587,-4.751,741.832,31.984,748.374,76.033,755.407,141.363,763.571,241.187,769.011,281.991,767.695,307.646,765.341,325.138,762.438,338.700,759.272,351.148,756.032,362.730,752.733,373.093,749.352,382.466,745.905,392.243,742.485,400.718,738.970,412.099,734.677,423.849,730.264,432.633,726.767,442.998,723.386,454.386,720.074,465.122,716.719,477.398,713.466,489.848,710.226,503.010,707.033,515.776,703.813,529.332,700.647,543.379,697.513,556.345,694.307,570.667,691.192,585.710,688.126,599.900,685.002,612.177,681.750,622.917,678.394,635.027,675.131,645.620,671.765,656.023,668.387,666.426,665.009,676.842,661.632,686.714,658.209,698.342,653.849,709.877,649.506,718.329,645.988,726.717,642.475,735.106,638.962,743.790,635.410,755.542,630.562,764.639,626.592,773.029,623.078,781.417,619.565,789.818,616.041,799.542,611.416,810.680,606.975,821.380,601.898,829.984,598.197,838.375,594.681,847.910,590.434,861.205,584.237,870.846,579.744,883.028,572.914,897.259,564.285,937.469,531.361,960.568,511.212,998.627,477.819,1040.082,438.468,1051.260,424.877,1060.033,413.388,1066.097,404.267,1070.710,396.414,1075.313,388.570,1079.931,380.496,1084.663,370.737,1089.535,358.877,1094.806,344.341,1100.215,333.765,1100.334,319.833,1106.625,240.635,1106.506,185.813,1104.241,158.824,1101.562,138.008,1098.731,119.451,1095.704,103.821,1092.469,91.280,1089.228,78.834,1085.976,66.563,1082.611,55.963,1079.232,45.563,1075.805,35.901,1072.287,27.423,1067.822,16.233,1063.264,6.157,1057.122,-5.240,1049.026,-18.870,1038.496,-35.189,1026.984,-49.959,1000.426,-79.115,975.363,-103.485,942.226,-137.019,913.332,-165.702,898.252,-178.583,887.962,-185.971,877.636,-192.146,868.637,-196.857,857.928,-201.652,846.930,-206.466,836.227,-211.261,823.545,-216.188,807.938,-221.312,791.978,-226.460,775.479,-231.643,755.583,-237.055,730.124,-242.840,701.404,-248.844,672.272,-254.875,645.594,-260.742,624.287,-266.248,605.350,-271.595,589.154,-276.759,573.269,-281.901,558.974,-286.937,543.995,-292.018,530.076,-297.029,517.193,-301.970,503.674,-306.953,490.352,-311.924,476.446,-316.933,463.475,-321.880,449.667,-326.883,435.877,-331.885,422.752,-336.842,407.932,-341.913,395.022,-346.856,380.143,-351.931,346.077,-358.030
691.610,-598.224,571.274,-594.493,493.298,-590.389,404.615,-586.311,76.599,-584.197,-119.798,-586.370,-216.482,-583.259,-289.450,-579.145,-359.065,-575.023,-405.828,-570.853,-435.388,-566.646,-457.666,-562.423,-473.221,-558.186,-487.505,-553.946,-500.998,-549.705,-512.414,-545.459,-524.059,-541.213,-533.330,-536.963,-541.882,-532.711,-550.442,-528.448,-560.471,-522.722,-574.760,-512.756,-588.047,-503.786,-603.671,-492.491,-616.533,-483.944,-629.589,-475.204,-643.351,-465.762,-657.425,-456.010,-672.409,-445.351,-688.969,-433.122,-707.372,-419.036,-724.841,-404.013,-764.419,-364.132,-791.544,-333.051,-807.299,-313.102,-820.032,-296.162,-830.859,-281.119,-839.099,-268.653,-849.102,-254.432,-857.120,-242.186,-866.076,-229.008,-873.156,-217.696,-880.207,-206.415,-885.810,-196.575,-891.093,-187.053,-895.391,-178.437,-899.682,-168.318,-903.973,-158.653,-908.266,-147.936,-912.563,-135.541,-916.861,-122.737,-921.160,-109.167,-925.460,-94.940,-929.762,-80.431,-934.060,-67.185,-938.361,-52.695,-942.659,-39.594,-946.959,-25.871,-951.259,-11.903,-955.557,1.099,-959.859,15.786,-964.161,30.730,-968.465,46.727,-972.772,64.018,-977.084,83.329,-981.413,110.945,-985.763,148.518,-990.110,184.510,-994.302,228.988,-993.894,309.210,-989.820,370.308,-985.690,436.066,-981.536,490.527,-977.362,535.742,-973.169,571.835,-968.956,598.765,-964.729,619.066,-960.492,634.844,-956.255,650.301,-952.010,662.272,-947.767,674.970,-943.521,686.318,-939.276,697.948,-935.026,707.753,-930.781,719.318,-926.287,729.368,-920.357,742.622,-915.930,751.876,-911.677,760.427,-907.136,769.266,-901.200,779.507,-896.816,788.190,-892.241,797.063,-885.950,807.661,-878.568,819.354,-871.621,830.610,-852.611,853.709,-815.581,891.182,-800.720,903.541,-788.350,911.702,-777.856,917.962,-769.071,922.504,-760.540,926.793,-752.009,931.081,-743.414,935.370,-733.288,939.662,-722.690,943.955,-712.388,948.247,-699.600,952.544,-685.797,956.844,-672.959,961.142,-660.157,965.439,-647.355,969.737,-634.651,974.034,-623.533,978.328,-611.056,982.625,-597.280,986.925,-579.209,991.233,-541.638,995.508,-421.385,996.236,-352.139,992.277,-305.726,988.106,-269.155,983.913,-241.229,979.703,-220.660,975.476,-203.341,971.243,-186.477,967.009,-170.203,962.773,-154.002,958.537,-135.886,954.306,-116.398,950.077,-96.394,945.849,-74.954,941.625,-54.129,937.399,-30.165,933.180,1.216,928.977,44.865,924.799,95.987,920.648,226.356,918.690,335.275,922.572,371.946,926.920,389.192,931.227,403.190,935.527,415.467,939.824,427.920,944.121,446.054,948.429,475.461,952.762,583.327,956.751,769.893,955.253,821.048,951.110,850.690,946.903,874.020,942.682,895.417,938.458,916.686,934.233,936.386,930.005,957.389,925.779,978.636,921.554,997.479,917.324,1016.148,913.094,1032.722,908.859,1049.980,904.625,1066.486,900.390,1079.849,896.149,1093.649,891.908,1107.567,887.667,1119.368,883.422,1130.908,879.176,1141.796,874.929,1152.470,870.682,1162.009,866.432,1170.567,862.180,1179.116,857.928,1187.668,853.674,1197.028,848.615,1210.170,839.790,1226.252,827.998,1259.868,795.451,1275.547,775.782,1283.625,763.477,1290.798,752.074,1297.504,741.135,1303.017,731.384,1307.491,722.624,1313.474,710.969,1318.017,701.508,1322.310,690.972,1326.603,680.280,1330.895,670.111,1335.189,658.921,1339.482,648.332,1343.775,637.477,1348.071,625.376,1352.367,613.309,1356.670,598.095,1360.993,573.193,1365.339,537.806,1369.689,500.654,1374.046,459.567,1378.416,413.100,1382.808,355.935,1387.216,291.148,1391.543,229.825,1393.057,199.907,1395.228,80.744,1392.668,-49.867,1388.466,-80.380,1384.244,-103.105,1380.017,-123.434,1375.790,-143.510,1371.559,-161.837,1367.327,-179.808,1363.091,-196.177,1358.857,-213.088,1354.621,-228.962,1350.383,-243.921,1346.144,-258.566,1341.901,-271.512,1337.657,-283.983,1333.407,-293.449,1329.158,-303.344,1324.908,-312.635,1320.650,-321.194,1315.353,-331.225,1308.223,-344.267,1302.566,-354.306,1295.297,-365.885,1287.690,-377.804,1276.462,-393.360,1264.311,-409.842,1247.440,-431.051,1226.412,-454.897,1213.175,-468.055,1187.843,-489.579,1165.103,-508.137,1142.157,-526.902,1125.647,-539.203,1113.612,-547.010,1104.673,-551.707,1096.141,-555.996,1087.234,-560.285,1075.663,-564.580,1064.905,-568.873,1053.369,-573.168,1036.167,-577.475,1009.098,-581.803,970.305,-586.156,930.405,-590.511,900.747,-594.845,855.902,-598.929
-155.278,-306.352,-201.582,-303.585,-233.658,-300.583,-260.543,-297.585,-280.109,-294.523,-297.661,-291.478,-315.748,-288.410,-332.084,-285.359,-350.118,-282.292,-366.066,-279.237,-382.006,-276.161,-396.027,-273.095,-407.145,-269.997,-416.603,-266.908,-425.560,-263.801,-433.342,-260.702,-440.541,-257.588,-448.560,-254.033,-460.289,-248.174,-468.337,-243.647,-477.481,-237.717,-487.345,-231.079,-497.222,-224.350,-502.033,-220.299,-510.840,-214.046,-531.574,-195.908,-546.547,-180.456,-575.636,-149.921,-590.294,-132.280,-597.822,-121.699,-604.154,-112.298,-610.491,-102.898,-615.888,-94.420,-621.047,-86.143,-627.326,-75.207,-631.814,-67.131,-634.995,-59.274,-638.183,-51.673,-641.357,-43.668,-644.558,-33.770,-647.739,-24.000,-650.945,-13.273,-654.138,-0.792,-657.355,11.741,-660.547,24.326,-663.768,37.578,-666.975,53.521,-670.242,75.982,-672.385,146.094,-669.719,199.587,-666.726,226.917,-663.679,250.114,-660.638,267.898,-657.565,285.441,-654.514,301.371,-651.431,316.485,-648.363,329.382,-645.277,343.761,-642.214,357.895,-639.125,371.239,-636.053,383.849,-632.962,396.419,-629.888,409.025,-626.798,421.598,-623.723,434.114,-620.628,445.404,-617.547,456.941,-614.449,467.288,-611.357,477.036,-608.256,486.477,-605.162,495.925,-602.060,504.961,-598.956,512.696,-595.849,520.398,-592.745,528.363,-589.633,534.729,-586.165,541.389,-581.320,549.441,-574.801,559.181,-553.656,583.034,-531.525,603.088,-517.711,613.875,-504.952,623.605,-494.654,630.840,-485.251,637.182,-476.761,642.589,-470.150,646.114,-462.121,651.052,-454.941,654.332,-447.386,657.502,-441.108,660.686,-434.634,663.850,-426.535,667.045,-418.640,670.215,-411.066,673.408,-401.746,676.583,-392.330,679.787,-381.272,682.969,-368.106,686.192,-353.460,689.391,-329.089,692.669,-299.698,695.940,-231.538,699.430,-155.705,701.750,-98.665,701.967,62.337,701.046,90.796,698.031,108.126,694.984,129.274,691.933,151.440,688.908,175.737,685.873,204.947,682.881,237.639,679.889,281.321,676.966,336.076,674.082,383.980,671.179,426.663,668.238,464.018,665.281,498.565,662.302,526.859,659.300,571.386,656.517,675.069,657.267,717.590,655.016,733.709,651.953,747.771,648.878,763.004,645.808,775.075,642.725,787.213,639.639,797.832,636.549,807.333,633.449,818.089,630.362,826.249,627.254,835.620,624.161,845.016,621.058,852.879,617.959,861.840,614.852,871.291,611.763,879.897,608.653,887.849,605.557,894.699,602.438,902.542,599.343,909.382,596.222,915.684,593.121,921.986,589.996,928.288,586.896,934.590,583.769,940.892,580.671,947.195,577.543,954.145,573.805,961.909,569.227,968.850,565.498,978.080,559.470,985.673,555.094,995.985,547.980,1020.469,523.904,1026.918,514.441,1030.662,507.593,1035.381,499.796,1038.578,492.181,1041.766,485.127,1044.931,478.758,1048.125,470.210,1051.300,462.039,1054.492,453.482,1057.675,443.977,1060.881,432.359,1064.081,419.629,1067.317,401.629,1070.764,336.225,1072.230,287.478,1072.074,222.548,1069.408,147.077,1066.452,108.442,1063.392,91.328,1060.323,76.203,1057.258,59.898,1054.176,47.534,1051.074,38.741,1047.965,32.036,1044.858,24.032,1041.699,17.604,1036.979,9.683,1033.425,2.930,1030.307,-3.372,1027.201,-9.674,1023.822,-16.237,1018.930,-24.343,1013.685,-32.790,1005.605,-44.117,993.111,-59.881,973.448,-81.941,967.672,-87.742,953.997,-99.030,944.275,-105.701,935.594,-111.295,927.566,-116.256,918.876,-121.858,912.356,-125.299,904.228,-130.332,896.382,-135.112,888.866,-139.527,881.122,-144.203,874.244,-147.975,866.375,-152.776,858.268,-157.790,851.824,-161.152,845.000,-164.871,837.209,-169.592,830.903,-172.789,823.341,-177.277,816.270,-181.248,809.997,-184.433,803.726,-187.599,797.454,-190.781,791.183,-193.948,784.912,-197.128,778.640,-200.297,771.927,-203.477,764.034,-206.661,756.167,-210.974,747.296,-215.130,740.563,-218.312,732.576,-221.493,724.186,-224.678,714.838,-227.867,706.716,-231.050,694.943,-234.252,682.038,-237.456,666.759,-240.677,651.051,-243.893,636.304,-247.113,621.740,-250.322,604.062,-253.557,577.003,-256.826,517.411,-260.267,359.814,-264.171,276.436,-267.729,233.042,-271.075,201.033,-274.384,176.556,-277.637,159.793,-280.872,144.254,-284.080,130.420,-287.303,116.475,-290.502,103.917,-293.720,89.208,-296.921,63.877,-300.202,23.172,-303.529,-58.130,-306.950
161.882,-193.388,132.326,-191.406,108.342,-189.295,83.225,-187.185,62.064,-185.069,45.018,-182.945,30.200,-180.816,17.520,-178.684,6.796,-176.549,-3.669,-174.412,-12.451,-172.273,-22.650,-170.137,-29.144,-167.993,-35.765,-165.850,-43.820,-163.709,-48.608,-161.563,-56.632,-159.422,-61.177,-157.275,-67.603,-155.154,-73.718,-153.042,-78.370,-150.927,-84.807,-148.816,-91.245,-146.704,-97.682,-144.592,-103.570,-142.480,-108.449,-140.365,-114.245,-138.252,-119.215,-136.138,-125.652,-134.026,-131.312,-131.913,-136.419,-129.799,-141.987,-127.686,-146.270,-125.570,-150.553,-123.455,-155.841,-121.341,-161.227,-119.227,-165.510,-117.112,-169.792,-114.996,-174.075,-112.880,-178.358,-110.765,-182.797,-108.493,-189.118,-104.346,-195.528,-100.111,-201.760,-96.053,-206.480,-93.501,-214.894,-87.270,-222.838,-81.308,-228.548,-74.511,-233.232,-70.030,-245.391,-55.798,-253.733,-45.335,-259.907,-37.033,-264.179,-30.625,-268.195,-24.477,-270.359,-20.202,-272.522,-15.911,-274.688,-9.743,-276.855,-3.345,-279.023,3.125,-281.197,13.394,-283.375,25.960,-285.554,38.728,-287.732,51.497,-289.911,64.336,-292.093,78.975,-294.272,91.996,-296.455,106.908,-298.644,125.640,-300.831,143.012,-303.026,164.551,-305.236,195.048,-305.288,216.334,-303.207,256.323,-301.095,280.322,-298.971,297.227,-296.835,308.027,-294.696,316.809,-292.560,327.209,-290.420,335.992,-288.284,346.572,-286.148,356.851,-284.004,363.180,-281.857,367.515,-279.709,371.797,-277.562,376.295,-273.713,384.160,-271.165,388.869,-269.018,393.151,-266.870,397.434,-264.736,401.721,-260.742,407.890,-256.525,414.281,-254.157,418.817,-250.174,424.974,-247.806,429.509,-243.823,435.666,-241.455,440.202,-237.413,446.418,-233.178,452.828,-228.869,459.312,-222.767,467.596,-217.757,474.782,-199.399,493.638,-188.109,502.811,-179.558,509.235,-173.025,513.631,-166.631,517.890,-160.365,522.020,-155.973,524.269,-151.698,526.400,-147.423,528.532,-143.148,530.663,-138.873,532.794,-134.598,534.925,-128.914,537.059,-123.939,539.192,-118.164,541.326,-113.279,543.458,-105.821,545.595,-98.872,547.731,-90.760,549.869,-82.174,552.009,-73.589,554.148,-65.004,556.287,-56.418,558.426,-47.889,560.597,-37.496,562.771,-28.744,564.942,-20.222,567.113,-11.700,569.284,-3.137,571.455,7.305,573.629,17.950,575.804,28.657,577.979,41.312,580.157,56.257,582.340,78.924,584.537,142.493,586.718,151.613,586.234,188.366,588.127,259.287,590.380,293.132,591.546,360.211,592.453,432.791,590.705,447.714,588.609,459.419,586.507,472.661,584.407,489.009,582.314,499.535,580.210,507.356,578.101,513.092,575.988,518.849,573.875,523.766,571.760,528.250,569.445,536.017,565.465,541.052,563.098,547.208,559.115,551.516,556.974,555.799,554.859,560.323,552.502,566.477,548.509,571.071,546.051,578.581,540.688,594.689,526.710,620.740,499.076,636.541,481.213,645.728,469.941,651.220,462.348,658.600,452.876,662.248,447.122,664.412,442.847,666.575,438.572,668.738,434.211,670.904,428.066,673.068,423.538,675.235,417.286,677.402,410.888,679.569,404.489,681.736,398.091,683.903,391.693,686.070,385.295,688.236,379.045,690.400,374.517,692.566,368.372,694.730,363.676,696.901,355.309,699.072,346.605,701.247,336.023,703.424,323.810,705.642,288.666,704.718,189.957,705.716,180.131,704.513,174.070,706.143,167.628,704.109,135.814,702.046,102.922,699.940,78.509,697.813,62.680,695.678,51.582,693.539,42.828,691.399,34.332,689.256,27.673,687.116,19.397,684.973,12.793,682.829,6.387,680.686,-0.020,678.542,-6.350,676.395,-10.803,674.247,-15.086,672.100,-19.369,669.952,-23.651,667.805,-27.934,665.657,-32.217,663.510,-36.499,661.362,-40.782,658.068,-46.216,654.962,-51.461,651.576,-56.986,648.561,-62.140,645.084,-67.757,640.784,-74.199,633.645,-83.492,623.392,-95.539,607.549,-109.434,584.148,-130.794,571.173,-141.688,564.243,-146.517,559.289,-149.141,553.144,-151.308,548.850,-153.471,544.575,-155.634,540.300,-157.788,535.722,-159.920,529.292,-162.055,522.862,-164.190,515.992,-166.326,507.893,-168.465,500.931,-170.601,491.769,-172.741,481.651,-174.883,472.397,-177.023,460.943,-179.168,446.529,-181.317,425.296,-183.480,382.870,-185.681,329.004,-187.903,293.061,-190.092,259.772,-192.276,208.085,-194.374
173.337,-344.625,106.274,-341.265,56.036,-337.700,7.483,-334.131,-43.719,-330.565,-93.770,-326.999,-134.022,-323.428,-166.574,-319.855,-195.461,-316.283,-222.279,-312.709,-246.673,-309.133,-267.602,-305.558,-291.710,-301.984,-309.023,-298.406,-321.740,-294.828,-331.590,-291.250,-340.660,-287.669,-349.671,-284.090,-358.624,-280.512,-366.463,-276.931,-373.630,-273.351,-380.795,-269.772,-387.962,-266.192,-396.013,-262.411,-406.362,-257.060,-413.694,-253.335,-420.860,-249.754,-428.025,-246.174,-435.190,-242.595,-442.356,-239.014,-449.521,-235.434,-456.687,-231.856,-463.852,-228.275,-471.019,-224.692,-479.350,-220.236,-491.145,-213.749,-498.870,-209.719,-506.121,-206.055,-514.960,-200.803,-522.731,-196.616,-532.670,-190.265,-541.696,-184.826,-552.157,-177.951,-563.043,-170.653,-576.281,-161.005,-591.010,-149.865,-607.731,-136.552,-616.767,-128.343,-628.048,-116.137,-634.792,-105.850,-638.646,-98.419,-642.232,-91.254,-646.539,-83.146,-651.498,-72.740,-655.100,-61.497,-657.031,-25.948,-656.589,-6.915,-657.095,9.618,-659.839,66.100,-659.839,130.126,-656.368,179.101,-652.796,210.126,-649.221,231.171,-645.643,248.204,-642.065,262.682,-638.488,275.421,-634.908,286.201,-631.329,296.949,-627.751,307.691,-624.171,317.373,-620.591,327.078,-617.014,337.476,-613.434,346.394,-609.854,355.236,-606.275,363.783,-602.696,372.231,-599.115,381.072,-595.536,389.995,-591.958,398.766,-588.377,406.911,-584.798,415.804,-581.219,424.509,-577.622,431.836,-572.746,442.658,-568.365,452.364,-564.782,459.556,-561.201,466.722,-557.622,473.887,-554.043,481.052,-550.183,488.496,-544.877,497.390,-540.496,505.357,-533.520,515.917,-518.924,532.980,-504.773,544.317,-496.129,549.277,-487.230,552.884,-478.794,557.444,-467.100,565.562,-459.061,569.992,-450.343,573.576,-442.490,577.161,-433.501,580.747,-424.078,584.331,-413.533,587.916,-404.563,591.502,-394.500,595.087,-385.319,598.670,-374.607,602.257,-363.862,605.843,-353.400,609.427,-344.378,613.012,-333.745,616.599,-322.999,620.183,-312.403,623.768,-302.727,627.354,-292.833,630.939,-282.899,634.523,-271.463,638.110,-262.356,641.695,-252.219,645.279,-243.250,648.865,-233.246,652.450,-225.471,656.033,-216.571,659.619,-208.645,663.204,-200.023,666.788,-191.684,670.373,-183.529,673.958,-174.783,677.542,-166.950,681.126,-157.951,684.712,-148.946,688.297,-138.461,691.881,-126.924,695.468,-113.903,699.054,-97.905,702.640,-80.134,706.228,-60.495,709.817,-12.964,713.412,57.603,717.016,140.031,720.625,232.693,724.234,373.288,727.859,500.320,731.481,575.572,735.085,638.521,738.685,692.484,742.264,747.144,743.247,768.822,739.858,783.184,736.280,798.090,732.702,812.438,729.125,827.278,725.547,842.614,721.969,857.319,718.392,873.316,714.815,887.678,711.236,900.391,707.659,912.777,704.081,923.508,700.501,932.586,696.922,941.338,693.343,948.536,689.762,955.706,686.178,964.644,680.814,979.247,667.821,991.687,661.679,999.196,665.060,1006.359,668.644,1013.522,672.230,1020.685,675.811,1027.615,677.797,1026.459,671.328,1016.555,666.285,1009.271,662.684,1002.107,659.101,995.152,655.358,994.001,649.169,998.566,640.967,1003.243,632.711,1008.344,624.033,1012.509,616.269,1016.093,607.704,1019.679,598.761,1023.265,587.538,1026.850,573.246,1030.438,555.864,1034.028,534.858,1037.616,511.179,1041.207,481.151,1044.801,448.083,1048.392,415.836,1051.983,383.770,1055.576,353.240,1059.166,314.721,1061.330,243.454,1058.215,176.489,1054.641,149.328,1051.065,133.064,1047.487,118.707,1043.908,104.379,1040.332,90.058,1036.753,76.879,1033.174,64.263,1029.596,53.313,1026.018,42.565,1022.438,31.819,1018.859,21.071,1015.281,10.516,1011.701,1.629,1007.969,-7.445,1002.618,-19.362,998.412,-27.849,993.205,-36.644,988.708,-44.728,983.358,-53.663,976.597,-64.011,968.476,-75.721,958.317,-89.470,933.083,-118.192,875.181,-175.533,852.328,-194.850,835.878,-207.729,822.394,-218.574,813.727,-225.944,806.905,-231.909,798.200,-240.264,774.437,-260.827,759.389,-272.300,749.237,-278.875,741.468,-283.066,732.637,-288.319,725.391,-291.986,718.228,-295.571,711.064,-299.156,703.901,-302.739,696.738,-306.324,689.575,-309.909,682.019,-313.492,673.204,-317.077,665.911,-320.662,657.094,-324.247,646.829,-327.831,636.149,-331.418,621.531,-335.004,599.786,-338.592,564.087,-342.186,452.341,-345.601
38.650,-528.198,-3.471,-523.683,-30.126,-518.850,-50.921,-514.017,-71.566,-509.184,-92.481,-504.351,-115.748,-499.518,-136.664,-494.686,-155.090,-489.853,-172.772,-485.020,-187.672,-480.187,-203.802,-475.354,-216.901,-470.521,-229.164,-465.688,-241.786,-460.855,-252.230,-456.022,-263.436,-451.190,-273.177,-446.357,-282.853,-441.514,-293.580,-435.619,-306.068,-427.963,-319.753,-419.112,-332.612,-411.086,-343.899,-404.632,-354.957,-398.406,-365.330,-392.866,-374.999,-388.030,-384.667,-383.195,-394.960,-377.735,-406.070,-371.458,-416.147,-366.214,-429.820,-357.374,-445.343,-346.684,-467.273,-329.587,-490.511,-311.181,-520.230,-285.675,-559.174,-244.700,-575.275,-223.788,-584.723,-209.508,-590.479,-198.918,-596.259,-188.305,-602.242,-177.489,-607.093,-167.806,-611.926,-158.140,-617.054,-148.070,-623.555,-135.121,-628.543,-124.578,-633.376,-112.757,-638.209,-100.675,-643.042,-88.337,-647.875,-74.173,-652.707,-59.668,-657.540,-44.321,-662.373,-26.044,-667.206,-5.430,-672.039,17.835,-676.872,42.726,-681.705,67.930,-686.538,94.321,-691.470,114.809,-695.048,127.337,-697.879,143.373,-702.691,163.497,-707.524,183.353,-712.357,204.952,-717.190,226.009,-722.023,250.028,-726.856,280.245,-731.689,323.173,-736.276,381.011,-735.673,459.145,-730.931,483.995,-726.098,500.034,-721.266,513.335,-716.433,524.948,-711.598,536.481,-705.227,549.731,-681.465,575.009,-659.697,592.277,-644.514,602.627,-630.743,611.565,-617.216,620.260,-604.277,628.366,-592.946,634.864,-580.980,641.996,-569.968,648.175,-558.957,654.354,-548.528,659.950,-538.624,665.017,-526.162,671.901,-513.206,678.663,-500.541,685.214,-487.631,691.829,-473.793,699.378,-463.914,704.378,-454.035,709.424,-442.689,715.937,-432.712,721.081,-420.941,727.632,-407.528,734.593,-397.013,740.152,-384.020,747.231,-371.811,753.590,-362.046,758.504,-350.078,764.704,-337.283,771.139,-322.884,778.966,-311.147,784.154,-299.991,788.987,-289.220,793.820,-277.928,798.653,-265.855,803.486,-253.786,808.319,-242.252,813.152,-231.540,817.985,-218.622,822.818,-206.520,827.650,-194.324,832.483,-180.619,837.316,-167.839,842.149,-154.944,846.982,-141.295,851.815,-127.698,856.648,-113.254,861.481,-99.688,866.314,-85.289,871.146,-70.504,875.979,-55.685,880.812,-41.204,885.645,-26.994,890.478,-12.796,895.311,1.702,900.144,16.038,904.977,29.162,909.810,45.115,914.642,62.257,919.475,92.456,924.300,237.686,927.348,373.713,923.651,430.858,918.820,473.945,913.987,509.796,909.154,540.587,904.322,566.938,899.489,592.302,894.656,616.683,889.823,634.357,884.990,647.881,880.157,659.984,875.324,672.059,870.491,683.451,865.658,694.842,860.826,704.753,855.992,714.785,850.792,726.177,844.233,738.356,836.887,752.200,827.877,768.863,816.046,788.740,801.002,813.630,780.945,840.175,759.232,864.530,738.987,892.392,711.767,931.459,668.827,963.461,631.994,983.420,607.203,995.642,590.148,1005.459,575.498,1014.900,561.224,1022.843,548.448,1030.325,536.133,1036.879,524.746,1043.201,513.592,1049.089,502.870,1053.933,493.194,1058.766,483.528,1063.598,473.729,1068.431,462.397,1073.264,451.138,1078.097,439.069,1082.930,426.975,1087.763,413.802,1092.596,399.269,1097.429,383.129,1102.262,365.278,1107.094,345.945,1111.927,325.122,1116.760,303.371,1121.593,280.257,1126.433,244.190,1132.700,147.954,1132.817,112.858,1126.669,59.640,1121.827,22.953,1116.994,-1.066,1112.161,-16.893,1107.328,-30.417,1102.384,-41.004,1095.918,-55.279,1089.240,-68.402,1081.712,-82.158,1075.040,-93.702,1066.796,-106.780,1057.164,-121.244,1046.875,-136.367,1031.325,-156.636,984.077,-204.171,952.747,-230.869,932.136,-246.647,912.957,-260.993,894.459,-274.658,874.264,-290.021,847.532,-311.919,822.577,-332.041,806.150,-343.636,792.324,-352.629,779.236,-360.884,765.633,-369.654,751.820,-378.634,738.819,-386.802,727.502,-393.182,715.155,-399.076,703.944,-403.920,691.875,-408.753,679.077,-413.586,664.636,-418.419,648.178,-423.251,629.450,-428.084,612.783,-432.917,593.407,-437.750,575.553,-442.583,558.568,-447.416,542.141,-452.249,526.416,-457.082,510.889,-461.915,493.753,-466.747,474.485,-471.580,455.583,-476.413,437.969,-481.246,421.264,-486.079,404.694,-490.912,387.708,-495.745,369.999,-500.578,354.607,-505.411,333.643,-510.244,303.321,-515.076,257.519,-519.909,201.071,-524.742,131.869,-529.258
112.112,-582.327,47.153,-578.233,-10.378,-573.849,-45.980,-569.464,-70.137,-565.079,-90.841,-560.695,-107.594,-556.310,-123.199,-551.926,-135.473,-547.541,-147.696,-543.156,-158.273,-538.357,-171.558,-532.364,-180.778,-527.827,-191.072,-521.918,-200.360,-517.015,-209.134,-512.625,-218.738,-507.406,-229.675,-500.854,-239.653,-495.260,-249.511,-489.787,-259.578,-484.104,-270.062,-478.005,-280.286,-472.166,-289.872,-466.965,-300.571,-460.650,-312.226,-453.380,-326.433,-443.557,-343.294,-431.081,-367.331,-411.297,-394.142,-386.104,-445.679,-332.787,-464.739,-309.382,-476.801,-293.380,-484.832,-283.471,-500.709,-263.422,-523.345,-236.402,-546.312,-209.050,-567.116,-183.886,-581.572,-167.163,-593.220,-153.187,-611.431,-130.612,-625.772,-111.886,-638.459,-94.815,-649.539,-79.350,-658.572,-65.932,-666.233,-53.887,-673.724,-42.012,-680.778,-30.573,-688.047,-18.919,-694.626,-7.956,-700.735,2.551,-707.301,14.595,-713.686,27.533,-718.122,37.616,-722.507,48.436,-726.891,59.440,-731.276,71.889,-735.660,85.110,-740.045,99.891,-744.430,115.945,-748.814,133.664,-753.379,153.937,-759.618,162.334,-757.213,174.693,-758.637,267.005,-755.421,365.957,-751.038,401.008,-746.654,427.886,-742.269,450.677,-737.885,472.485,-733.500,491.262,-729.115,508.147,-724.731,523.538,-720.346,537.410,-715.961,550.104,-711.577,562.334,-707.192,575.228,-702.808,585.585,-698.423,597.243,-694.038,607.431,-689.654,619.251,-685.269,630.312,-680.884,641.213,-676.500,651.190,-672.115,661.418,-667.405,670.561,-661.344,681.007,-655.925,690.811,-646.245,704.875,-633.189,722.316,-617.332,742.557,-599.518,764.756,-566.983,800.926,-523.931,841.416,-505.763,855.206,-492.952,863.633,-478.732,873.468,-465.067,882.749,-453.008,890.423,-442.858,896.182,-430.105,903.640,-417.939,910.245,-408.537,915.245,-399.766,919.632,-390.997,924.016,-382.227,928.401,-373.028,932.786,-362.608,937.170,-352.202,941.555,-340.524,945.940,-325.832,950.324,-311.356,954.709,-293.216,959.093,-271.629,963.478,-248.224,967.863,-217.726,972.247,-177.403,976.632,-107.049,981.009,138.522,983.495,346.492,979.834,395.468,975.450,417.127,971.065,442.656,966.681,466.638,962.296,490.147,957.911,510.582,953.527,529.362,949.142,546.694,944.758,562.270,940.373,576.436,935.988,590.867,931.604,604.804,927.219,616.562,922.834,628.509,918.450,639.470,914.065,648.784,909.681,658.287,905.296,668.406,900.911,677.242,896.484,687.443,890.668,696.850,885.646,706.900,879.981,718.624,872.641,729.908,865.742,742.210,857.824,756.458,847.961,771.546,837.258,787.774,825.414,806.012,811.561,828.922,793.036,865.995,760.076,903.080,721.865,922.580,699.629,941.898,677.451,967.217,647.763,990.220,620.376,1007.737,598.474,1024.482,577.344,1037.090,560.352,1045.324,547.733,1050.986,537.686,1056.808,527.480,1061.236,518.667,1065.621,509.863,1070.005,499.691,1074.390,490.250,1078.775,480.876,1083.159,470.560,1087.544,460.018,1091.929,449.179,1096.313,439.015,1100.698,427.158,1105.082,415.133,1109.467,403.127,1113.852,391.239,1118.236,379.775,1122.621,366.774,1127.006,354.554,1131.390,341.051,1135.775,329.323,1140.160,315.350,1144.544,295.809,1148.929,272.950,1153.313,246.818,1157.694,217.096,1160.743,155.946,1157.581,82.483,1153.199,48.764,1148.814,28.072,1144.430,10.461,1140.045,-5.204,1135.660,-20.911,1131.276,-35.257,1126.891,-48.861,1122.507,-61.907,1118.122,-73.242,1113.737,-84.381,1109.353,-96.009,1104.968,-105.059,1100.583,-114.999,1096.199,-124.685,1091.809,-133.466,1086.361,-143.745,1078.701,-157.372,1070.192,-170.346,1061.402,-183.521,1050.457,-198.850,1037.649,-216.044,1019.719,-238.357,996.355,-265.470,957.799,-304.882,921.372,-340.480,899.151,-358.988,880.197,-373.559,854.609,-394.825,838.689,-408.566,820.793,-422.971,805.367,-434.015,793.887,-441.110,784.541,-446.072,774.102,-452.126,763.894,-457.907,749.580,-466.349,734.555,-474.869,723.931,-480.540,715.149,-484.936,706.376,-489.321,696.752,-493.705,686.569,-498.090,675.879,-502.475,664.908,-506.859,653.052,-511.244,641.613,-515.628,629.891,-520.013,616.551,-524.398,603.774,-528.782,589.097,-533.167,573.664,-537.552,557.065,-541.936,538.466,-546.321,519.067,-550.705,499.344,-555.090,479.621,-559.475,459.897,-563.859,439.828,-568.244,413.631,-572.629,332.275,-577.013,241.484,-581.380,156.451,-583.912
-149.993,-555.466,-189.662,-553.369,-210.599,-550.039,-224.259,-546.343,-237.563,-542.629,-249.460,-538.844,-260.611,-535.022,-271.195,-531.171,-280.227,-527.242,-289.191,-523.310,-298.179,-519.356,-308.526,-514.174,-318.743,-509.109,-329.905,-503.189,-341.229,-497.123,-354.151,-489.612,-367.796,-481.448,-384.104,-470.875,-412.957,-448.958,-490.062,-382.615,-554.323,-322.044,-569.194,-306.587,-586.736,-287.346,-602.967,-268.500,-615.274,-253.198,-626.762,-238.637,-634.003,-227.917,-641.520,-216.946,-647.955,-206.954,-652.800,-198.399,-659.035,-187.959,-668.075,-172.105,-674.199,-160.512,-679.022,-151.935,-683.875,-142.586,-688.759,-132.634,-693.658,-122.391,-698.547,-112.331,-703.579,-99.432,-708.697,-84.828,-713.800,-70.521,-718.876,-56.744,-723.977,-42.482,-729.045,-28.858,-734.074,-16.016,-739.060,-4.041,-744.139,9.785,-749.208,23.432,-754.354,38.580,-759.650,56.741,-766.814,115.820,-772.744,204.446,-774.943,287.922,-771.780,311.591,-768.253,328.608,-764.531,341.742,-760.749,353.710,-756.993,366.171,-753.210,378.093,-749.400,389.522,-745.043,401.502,-739.839,414.782,-735.925,425.202,-732.038,435.067,-728.009,444.534,-722.557,456.923,-718.188,466.983,-712.730,479.279,-708.571,488.570,-704.373,497.828,-698.521,508.915,-691.268,521.552,-682.778,535.556,-671.253,552.918,-654.708,575.829,-635.019,601.433,-620.270,619.904,-587.756,660.371,-554.839,701.168,-518.648,740.316,-497.858,758.743,-483.727,769.756,-471.047,779.164,-458.867,788.018,-446.019,797.612,-430.734,809.902,-417.182,820.273,-407.464,826.406,-397.746,832.537,-388.640,837.398,-377.018,842.366,-365.617,847.323,-352.774,852.352,-339.038,857.426,-322.882,862.622,-305.219,867.894,-287.112,873.188,-263.537,878.757,-240.052,884.322,-211.964,890.118,-183.144,895.951,-157.106,901.644,-115.889,908.100,-43.017,916.149,59.294,925.679,177.757,935.994,309.621,944.245,401.610,944.918,435.873,942.259,454.567,938.816,472.138,935.317,488.903,931.777,504.803,928.193,520.689,924.609,533.581,920.875,546.740,917.153,560.053,913.440,572.022,909.659,582.779,905.817,593.334,901.954,605.565,897.152,617.755,892.317,627.256,888.400,636.221,884.468,645.185,880.535,654.150,876.602,663.603,872.229,674.222,866.800,683.876,862.244,694.481,856.828,705.180,851.327,715.400,846.259,726.637,840.272,738.993,833.273,752.691,825.060,767.089,816.215,783.820,805.260,800.479,794.369,820.568,780.378,842.033,765.142,864.002,749.451,894.268,725.690,911.875,710.622,929.057,694.972,952.836,671.386,967.332,656.069,982.014,638.668,992.538,624.978,1000.704,613.422,1007.826,602.808,1014.927,592.214,1021.783,581.841,1028.032,572.019,1034.160,562.211,1041.197,550.092,1047.904,539.510,1052.824,530.888,1058.185,521.677,1065.294,509.464,1071.752,499.234,1076.625,490.654,1082.218,481.424,1088.444,471.621,1093.304,462.611,1098.295,450.527,1103.303,438.110,1108.335,425.213,1113.391,411.837,1118.454,398.321,1123.511,384.932,1128.635,370.209,1133.777,355.120,1138.919,340.042,1144.019,325.782,1149.138,311.166,1154.256,296.559,1159.560,278.630,1165.164,268.300,1164.849,261.292,1165.463,209.288,1164.642,149.523,1162.128,112.375,1159.255,82.343,1155.978,60.357,1152.646,39.469,1149.258,19.687,1145.728,2.712,1142.081,-11.911,1138.425,-26.372,1134.726,-39.980,1131.083,-54.697,1127.231,-65.250,1123.402,-76.261,1119.554,-87.042,1114.814,-98.496,1109.826,-109.886,1104.930,-121.602,1099.026,-134.453,1094.200,-144.924,1089.926,-154.378,1083.188,-168.218,1077.100,-179.916,1071.092,-191.176,1065.083,-202.437,1059.073,-213.699,1052.426,-225.666,1044.383,-239.176,1035.445,-253.677,1023.573,-271.414,1012.072,-287.404,985.895,-316.427,964.735,-335.737,952.877,-343.042,942.617,-348.440,932.396,-353.339,923.744,-358.157,915.220,-362.969,906.695,-367.781,898.171,-372.593,889.646,-377.405,881.122,-382.218,872.497,-387.035,861.525,-391.970,850.473,-396.909,838.666,-401.886,824.872,-406.963,810.889,-412.050,795.830,-417.191,781.637,-422.288,765.453,-427.485,749.516,-432.670,733.441,-437.862,718.318,-443.006,704.707,-448.074,690.209,-453.186,672.969,-458.437,647.239,-464.114,617.200,-470.009,584.151,-476.054,550.160,-482.147,514.696,-488.315,477.748,-494.556,438.541,-500.912,396.561,-507.407,330.914,-515.092,184.978,-526.817,105.530,-535.197,35.455,-543.105,-42.117,-551.100
-9.011,-473.690,-58.473,-475.074,-81.600,-473.426,-101.199,-471.406,-122.364,-469.551,-142.845,-467.624,-162.961,-465.659,-181.716,-463.550,-198.331,-461.217,-213.345,-458.715,-225.978,-455.963,-238.512,-453.200,-251.040,-450.436,-262.690,-447.581,-273.928,-444.682,-284.007,-441.661,-293.148,-438.541,-303.133,-435.510,-313.326,-432.341,-324.808,-427.626,-337.103,-422.867,-346.062,-419.372,-357.023,-414.190,-368.294,-408.756,-383.067,-400.488,-407.188,-384.433,-419.456,-374.929,-435.051,-361.031,-457.365,-339.310,-472.530,-323.338,-485.271,-309.330,-495.788,-297.121,-503.212,-287.418,-510.257,-278.021,-515.545,-270.047,-521.036,-261.737,-527.783,-251.025,-532.751,-243.111,-537.636,-235.462,-542.521,-227.814,-547.407,-220.165,-552.347,-211.993,-557.393,-202.817,-562.285,-195.114,-567.201,-187.174,-572.265,-177.824,-577.185,-169.844,-582.250,-160.488,-587.254,-151.713,-592.272,-142.807,-597.337,-133.450,-602.324,-124.831,-607.363,-115.728,-612.412,-106.526,-617.399,-97.907,-622.491,-88.295,-627.590,-78.615,-632.792,-67.953,-637.901,-58.178,-643.125,-47.314,-648.813,-32.040,-656.069,-1.822,-663.153,35.961,-673.139,126.652,-681.830,240.541,-683.257,292.900,-682.407,323.618,-680.393,343.270,-677.973,359.061,-675.314,372.582,-672.700,386.532,-669.941,399.103,-667.175,411.607,-664.268,422.772,-661.402,434.319,-658.434,444.907,-655.457,455.399,-652.374,464.891,-649.188,473.396,-646.000,481.893,-642.803,490.403,-638.334,500.483,-632.626,512.093,-625.519,525.431,-612.347,546.259,-581.768,587.803,-546.256,628.886,-531.169,642.965,-520.012,652.183,-510.522,659.343,-501.068,666.459,-491.629,673.557,-483.332,679.243,-475.682,684.131,-468.033,689.016,-459.910,693.952,-450.691,699.002,-442.966,703.896,-433.772,708.944,-422.181,714.244,-409.026,719.708,-391.626,725.619,-373.993,731.555,-357.856,737.333,-338.727,743.426,-320.636,749.410,-302.401,755.408,-284.694,761.352,-270.352,766.941,-256.634,772.465,-241.380,778.150,-222.341,784.233,-200.698,790.591,-178.903,796.964,-156.247,803.428,-132.462,810.010,-107.773,816.688,-33.308,828.130,135.055,843.959,206.032,847.356,257.382,848.676,297.750,848.841,335.535,848.734,377.649,849.082,432.992,850.822,488.184,852.545,527.398,852.589,553.695,851.273,570.168,848.925,582.503,846.141,593.529,843.220,604.089,840.250,612.642,837.068,621.139,833.881,629.638,830.693,638.788,826.976,648.956,822.436,659.107,817.910,668.700,813.835,680.504,807.971,691.569,802.704,703.165,797.008,715.990,790.317,728.239,784.092,740.953,777.490,753.911,770.691,766.938,763.837,781.638,755.627,795.715,747.922,812.511,738.015,831.894,726.014,855.326,710.420,870.495,698.993,891.126,680.582,901.799,670.589,916.898,654.889,927.176,642.875,935.050,632.807,942.530,622.836,949.196,612.190,954.140,604.345,959.039,596.565,964.114,587.119,969.288,576.725,974.596,565.058,979.906,553.373,985.216,541.688,990.571,529.568,996.196,514.896,1001.617,502.149,1007.130,488.533,1012.540,475.895,1018.063,462.192,1023.701,447.381,1029.226,433.651,1034.824,419.234,1040.562,403.472,1046.581,385.046,1052.998,362.838,1059.775,337.204,1066.748,308.000,1070.917,260.173,1072.630,205.463,1071.818,174.382,1070.456,148.525,1069.059,123.001,1067.616,97.927,1065.844,75.972,1063.920,55.459,1061.672,38.028,1059.331,21.493,1056.801,6.741,1054.044,-5.842,1051.149,-17.122,1048.274,-28.594,1045.312,-39.233,1041.925,-50.234,1037.439,-61.621,1034.184,-70.213,1029.871,-80.101,1024.886,-90.819,1018.791,-102.907,1010.233,-118.036,999.781,-135.505,977.858,-166.445,950.431,-197.626,939.878,-206.106,930.523,-213.099,922.688,-218.049,913.225,-223.125,902.791,-228.304,890.444,-233.683,877.362,-239.140,865.601,-244.458,852.461,-249.921,840.147,-255.297,827.132,-260.747,813.456,-266.266,800.689,-271.690,787.119,-277.198,773.402,-282.722,759.684,-288.246,745.969,-293.769,732.265,-299.291,718.029,-304.870,704.364,-310.388,690.758,-315.900,676.825,-321.446,663.767,-326.901,651.056,-332.318,637.456,-337.830,623.739,-343.354,609.875,-348.893,592.811,-354.768,574.761,-360.748,554.017,-367.010,530.750,-373.539,505.354,-380.290,477.573,-387.293,449.724,-394.303,420.870,-401.419,392.749,-408.457,364.152,-415.546,336.316,-422.555,308.482,-429.563,279.747,-436.666,246.940,-444.198,155.528,-457.450,25.953,-471.279
-54.269,-537.745,-114.580,-533.179,-158.978,-528.295,-197.462,-523.411,-228.274,-518.526,-255.957,-513.642,-279.824,-508.757,-299.830,-503.873,-317.498,-498.988,-331.847,-494.104,-344.410,-489.201,-356.278,-483.118,-371.553,-475.334,-386.717,-468.292,-399.116,-463.352,-412.017,-458.467,-423.803,-453.583,-436.677,-448.698,-448.899,-443.814,-461.121,-438.929,-473.239,-434.045,-484.525,-429.160,-496.658,-424.276,-507.411,-419.391,-517.190,-414.507,-526.959,-409.622,-536.728,-404.738,-546.497,-399.853,-556.375,-394.859,-567.745,-388.374,-577.955,-383.048,-589.113,-376.775,-599.730,-371.042,-611.502,-364.155,-623.265,-357.276,-635.515,-349.911,-648.408,-341.902,-661.938,-333.257,-677.679,-322.400,-697.631,-307.332,-723.365,-285.904,-752.571,-257.498,-782.859,-223.470,-794.567,-206.881,-803.994,-192.569,-810.713,-180.746,-817.891,-167.011,-824.205,-155.482,-830.412,-141.921,-836.082,-128.249,-840.972,-115.216,-845.857,-101.078,-850.741,-84.107,-855.626,-64.777,-860.510,-43.221,-865.394,-16.226,-869.836,31.294,-868.250,111.091,-863.412,179.487,-858.527,231.886,-853.643,272.951,-848.758,304.349,-843.874,332.511,-838.989,355.748,-834.105,376.825,-829.220,396.408,-824.336,415.248,-819.451,431.539,-814.567,448.211,-809.682,462.217,-804.798,476.734,-799.913,490.588,-795.029,503.957,-790.144,514.776,-785.260,525.860,-780.375,535.663,-775.448,545.475,-769.168,556.640,-762.780,567.912,-755.200,580.376,-747.054,593.407,-738.787,606.558,-731.340,618.890,-721.663,633.452,-708.886,651.113,-692.039,672.807,-655.860,711.066,-624.156,738.533,-606.739,751.066,-592.891,760.029,-579.404,768.632,-567.174,775.977,-555.571,782.696,-544.077,789.305,-533.541,794.956,-522.208,801.405,-512.092,806.636,-500.651,813.193,-490.694,818.264,-479.165,824.305,-462.715,832.021,-449.496,837.129,-434.593,842.013,-415.693,846.898,-391.287,851.782,-363.096,856.667,-332.433,861.551,-303.488,866.436,-275.469,871.320,-248.578,876.205,-221.017,881.089,-193.431,885.974,-164.941,890.858,-137.095,895.743,-107.839,900.627,-78.532,905.512,-49.058,910.397,-18.049,915.281,12.282,920.166,39.250,925.050,68.367,929.935,104.808,934.818,185.864,938.897,333.402,936.407,444.621,931.540,523.904,926.656,583.684,921.771,628.744,916.887,662.236,912.002,687.195,907.118,707.488,902.233,725.430,897.349,741.608,892.464,758.665,887.580,775.677,882.695,791.039,877.810,805.658,872.926,818.476,868.041,829.944,863.157,840.313,858.165,851.895,851.469,866.077,842.171,893.712,819.365,975.326,739.188,1011.657,698.353,1020.855,684.270,1029.890,670.351,1038.611,656.746,1047.334,643.138,1056.510,629.033,1066.548,612.712,1075.334,598.377,1083.613,585.212,1091.725,572.214,1098.507,560.549,1105.765,548.405,1114.026,535.260,1122.188,522.214,1128.901,510.617,1136.851,497.782,1142.542,487.206,1149.616,475.248,1156.942,463.035,1164.244,450.191,1170.672,437.473,1177.093,426.123,1182.049,416.283,1186.933,406.514,1191.818,396.745,1196.702,386.976,1201.587,377.207,1206.471,367.399,1211.356,356.276,1216.240,345.633,1221.125,333.898,1226.009,322.042,1230.894,308.906,1235.778,295.191,1240.663,281.403,1245.547,265.272,1250.432,247.925,1255.316,228.733,1260.201,208.408,1265.085,183.122,1269.646,131.442,1269.142,93.131,1265.781,23.824,1260.946,-43.396,1256.062,-72.856,1251.177,-93.998,1246.293,-110.459,1241.408,-125.060,1236.524,-138.149,1231.639,-150.950,1226.754,-161.527,1221.503,-173.357,1214.411,-187.055,1206.891,-199.785,1195.379,-216.162,1166.274,-247.716,1140.069,-269.825,1123.156,-281.855,1109.099,-291.027,1094.585,-300.657,1079.931,-310.426,1065.278,-320.195,1050.634,-329.954,1036.974,-338.729,1024.737,-346.082,1013.184,-352.749,1001.882,-358.654,989.413,-364.702,978.485,-369.605,966.362,-374.490,954.939,-379.375,940.893,-384.259,926.241,-389.144,911.578,-394.028,895.986,-398.913,880.183,-403.797,864.237,-408.682,845.627,-413.566,827.600,-418.451,809.468,-423.335,790.465,-428.220,770.435,-433.104,750.833,-437.989,728.355,-442.873,705.377,-447.758,680.921,-452.642,656.925,-457.527,629.794,-462.411,601.785,-467.296,572.449,-472.180,541.925,-477.065,510.977,-481.949,478.699,-486.834,448.377,-491.484,426.918,-494.696,398.154,-499.378,367.178,-504.262,334.406,-509.147,300.961,-514.025,270.741,-518.078,239.263,-521.717,196.989,-526.575,148.593,-531.460,87.033,-536.309,24.386,-539.570
292.048,-213.194,266.624,-210.810,246.067,-208.292,227.319,-205.672,208.726,-203.022,189.534,-200.487,167.046,-197.970,142.535,-195.354,110.826,-192.811,58.837,-190.475,-45.696,-188.391,-190.277,-186.909,-207.764,-187.050,-239.623,-184.529,-259.140,-181.977,-272.892,-179.420,-285.953,-176.745,-296.354,-174.061,-304.582,-171.472,-314.369,-168.858,-322.857,-166.149,-330.180,-163.488,-337.016,-160.891,-345.100,-158.226,-353.147,-155.515,-360.308,-152.894,-367.301,-150.297,-373.538,-147.581,-380.745,-144.880,-386.215,-142.275,-393.282,-139.644,-399.130,-136.920,-405.327,-134.254,-412.060,-131.656,-417.478,-128.974,-422.889,-126.248,-429.551,-123.380,-439.494,-118.975,-445.486,-116.208,-450.896,-113.498,-456.306,-110.893,-461.716,-108.251,-467.154,-105.496,-474.275,-101.136,-480.500,-97.725,-488.508,-92.473,-496.763,-86.935,-508.683,-77.871,-523.746,-65.647,-544.283,-43.765,-549.901,-34.970,-553.061,-26.397,-555.785,-18.177,-558.604,-7.575,-561.384,6.557,-564.133,25.848,-566.986,54.536,-567.030,112.104,-564.584,147.246,-562.097,172.985,-561.963,185.023,-566.130,186.846,-559.971,193.918,-556.707,206.539,-554.142,218.891,-551.507,229.706,-548.811,240.389,-546.192,250.321,-543.612,260.046,-540.934,270.507,-538.228,279.369,-535.648,289.118,-533.037,297.282,-530.326,305.328,-527.657,313.410,-525.060,320.267,-522.402,327.398,-519.677,333.187,-516.818,338.815,-511.924,346.540,-505.306,355.904,-484.008,379.044,-474.591,387.851,-456.405,404.804,-425.159,433.691,-389.458,469.855,-374.314,485.141,-363.132,494.683,-350.757,504.428,-342.442,510.152,-334.357,515.679,-328.126,519.224,-320.942,523.723,-315.525,526.551,-310.147,529.314,-304.742,531.982,-297.685,534.706,-291.891,537.497,-285.673,540.225,-279.022,542.900,-273.412,545.656,-266.208,548.455,-259.700,551.144,-251.643,553.834,-245.454,556.627,-238.298,559.399,-231.620,562.075,-223.685,564.805,-217.495,567.599,-209.552,570.334,-199.981,573.026,-191.261,575.802,-183.246,578.607,-175.101,581.302,-165.369,584.004,-156.543,586.813,-146.064,589.602,-133.896,592.310,-120.260,595.075,-103.935,597.927,-81.732,600.743,-55.599,603.531,-27.959,606.418,7.783,609.383,54.992,612.303,219.299,614.770,330.045,612.728,391.541,610.357,435.962,607.977,474.002,605.509,497.849,602.889,507.655,600.260,514.637,597.664,524.475,594.992,532.838,592.282,539.929,589.678,547.610,586.502,556.872,582.267,562.636,579.451,569.882,575.030,576.256,571.419,583.009,567.364,588.625,564.507,595.872,560.087,602.360,556.321,608.918,552.460,614.330,549.846,619.742,547.224,626.334,543.330,632.803,539.591,640.049,535.170,645.641,532.330,651.083,529.573,658.439,524.997,666.039,520.227,671.560,517.416,678.544,513.134,684.783,509.705,691.998,505.299,697.469,502.512,704.548,498.172,710.772,494.761,717.917,490.384,724.743,486.258,731.092,482.681,738.803,477.801,745.964,473.367,753.018,469.016,761.082,463.784,769.762,457.928,779.460,450.963,787.621,445.555,796.063,439.952,805.916,432.897,815.555,425.990,826.347,418.023,837.995,409.249,849.142,399.646,861.695,387.961,899.574,348.928,919.140,326.947,928.196,315.253,933.803,307.008,938.061,300.178,942.516,293.092,945.571,287.331,948.319,281.952,951.108,276.574,953.796,271.176,956.992,263.657,961.389,254.364,964.184,247.467,966.899,233.771,968.379,190.586,965.835,164.580,963.216,151.382,960.658,137.686,957.989,129.017,955.287,119.481,952.673,112.291,949.545,106.290,945.261,97.468,942.541,91.791,939.592,86.033,935.212,78.872,932.454,73.430,929.791,68.020,926.755,62.174,921.492,54.161,917.561,47.532,914.674,41.854,909.727,34.080,904.237,25.873,896.827,15.701,882.840,-1.223,872.146,-13.905,866.460,-20.055,849.531,-39.856,836.929,-53.421,820.796,-71.142,803.514,-89.301,782.414,-111.668,755.827,-136.482,747.320,-142.314,739.937,-147.035,734.524,-149.859,729.145,-152.601,723.737,-155.269,716.455,-158.015,708.440,-160.820,699.376,-163.542,688.469,-166.242,675.720,-169.061,662.408,-171.888,647.610,-174.611,633.170,-177.359,621.707,-180.183,608.458,-182.969,593.465,-185.692,579.438,-188.479,567.975,-191.304,554.573,-194.050,545.599,-196.738,537.861,-199.530,527.464,-202.338,514.146,-205.052,492.435,-207.844,462.760,-210.774,394.862,-213.718
78.122,-248.075,45.647,-245.953,16.845,-243.683,-9.786,-241.410,-36.857,-239.236,-61.597,-237.076,-84.704,-234.914,-106.714,-232.750,-127.497,-230.583,-146.778,-228.413,-163.532,-226.239,-175.706,-223.996,-188.623,-221.698,-198.069,-219.394,-207.009,-217.088,-215.752,-214.782,-222.612,-212.473,-229.347,-210.163,-236.105,-207.876,-242.398,-205.683,-247.694,-203.488,-254.544,-201.296,-261.395,-199.103,-266.880,-196.909,-272.981,-194.715,-278.059,-192.520,-282.589,-190.222,-287.120,-187.908,-291.651,-185.595,-296.182,-183.281,-300.715,-180.965,-306.755,-177.148,-313.611,-172.518,-320.404,-168.014,-327.213,-163.547,-336.247,-156.864,-350.726,-144.755,-361.762,-136.073,-383.780,-113.577,-388.921,-106.139,-393.031,-99.752,-395.364,-95.227,-397.694,-90.606,-400.027,-84.243,-402.358,-79.541,-404.688,-74.791,-407.022,-68.158,-409.357,-61.431,-411.586,-54.598,-413.804,-47.052,-416.024,-38.792,-418.243,-30.838,-420.465,-21.675,-422.684,-14.016,-424.907,-3.745,-427.196,5.691,-429.535,14.694,-431.876,25.580,-434.219,36.873,-436.565,50.249,-438.916,65.917,-441.272,84.733,-443.611,125.099,-442.192,218.641,-440.042,248.797,-437.879,271.301,-435.708,289.765,-433.532,305.464,-431.352,319.284,-429.173,333.102,-426.884,346.443,-424.583,357.866,-422.281,368.882,-419.976,378.187,-417.674,388.967,-415.369,398.014,-413.063,406.954,-410.828,415.595,-408.636,422.450,-406.442,428.458,-404.247,434.037,-402.053,439.637,-399.856,444.169,-397.660,448.700,-395.431,453.230,-392.541,458.340,-387.912,465.194,-383.281,472.051,-378.651,478.906,-375.402,484.376,-371.501,490.500,-366.871,497.356,-362.507,504.057,-359.947,508.952,-355.784,515.457,-351.560,522.023,-348.784,527.135,-342.654,535.613,-338.195,542.414,-332.313,550.570,-320.664,564.324,-307.123,576.202,-296.487,584.668,-290.895,588.073,-284.918,591.863,-279.736,594.854,-275.214,597.149,-270.691,599.362,-266.168,601.575,-260.657,603.789,-253.807,606.007,-241.388,608.234,-223.656,610.471,-199.724,612.720,-123.509,614.143,-78.354,611.909,-48.276,609.642,-17.478,607.376,13.292,605.111,42.699,602.843,77.288,600.584,127.329,598.494,183.739,600.223,206.884,602.470,231.037,604.718,252.670,606.963,272.590,609.204,291.698,611.443,309.914,613.721,327.664,616.075,345.415,618.430,362.872,620.783,376.752,623.131,391.701,625.480,403.290,627.823,416.271,630.167,426.716,632.391,435.017,634.611,445.572,636.835,454.742,639.056,465.242,641.280,476.736,643.506,493.503,645.741,551.706,647.216,577.651,644.947,595.418,642.658,608.848,640.361,618.517,638.056,631.138,635.758,640.225,633.452,649.251,631.190,658.425,629.002,666.802,626.813,673.656,624.621,680.507,622.428,685.956,620.234,692.093,618.040,697.135,615.839,701.666,613.526,706.197,611.212,710.727,608.899,715.258,606.585,719.791,604.269,725.864,600.419,730.976,597.527,737.373,593.438,744.112,589.041,750.972,584.524,760.045,577.801,773.712,566.499,790.636,549.006,797.627,539.724,803.998,531.105,808.657,524.262,813.313,517.423,816.962,511.586,820.503,505.858,823.744,500.427,826.076,495.626,828.401,488.933,830.619,482.088,832.837,474.503,835.064,462.446,837.060,382.409,836.602,318.325,835.803,261.140,838.015,197.015,841.653,185.361,840.067,161.315,837.964,105.541,835.811,77.101,833.638,59.912,831.457,46.736,829.274,35.241,827.036,25.753,824.727,18.653,822.421,10.077,820.112,3.128,817.802,-3.414,815.489,-8.309,813.179,-14.680,810.878,-19.253,808.681,-23.783,806.485,-28.314,804.288,-32.844,802.092,-37.375,799.895,-41.906,797.434,-46.702,793.400,-53.077,791.100,-57.620,788.786,-62.151,786.472,-66.683,783.078,-72.298,779.730,-77.867,775.932,-83.887,772.986,-89.053,768.867,-95.450,762.567,-104.099,755.644,-113.373,742.170,-129.220,716.919,-154.444,702.949,-166.141,692.302,-174.501,685.483,-179.035,678.045,-184.239,667.799,-190.470,661.681,-194.175,657.155,-196.508,651.280,-200.196,645.996,-203.291,639.717,-207.384,634.356,-209.978,628.199,-212.194,623.673,-214.407,618.061,-216.622,611.218,-218.839,604.371,-221.057,595.827,-223.277,584.909,-225.558,571.798,-227.904,556.287,-230.255,536.448,-232.613,512.419,-234.978,484.230,-237.352,424.775,-239.782,354.519,-242.214,272.837,-244.568,194.661,-246.915,126.595,-249.104
204.395,-849.923,191.291,-846.709,171.369,-843.843,157.678,-840.344,145.371,-836.433,129.507,-831.214,113.479,-826.593,96.209,-821.060,82.792,-816.672,68.831,-811.931,57.507,-807.820,43.546,-801.972,29.298,-795.155,15.905,-789.790,3.033,-783.827,-9.164,-778.316,-23.140,-771.571,-38.982,-764.278,-53.361,-758.113,-68.026,-751.053,-81.865,-744.205,-96.308,-736.854,-110.602,-728.364,-128.127,-712.597,-144.232,-695.832,-160.701,-678.082,-185.165,-657.531,-207.268,-643.657,-230.734,-628.952,-250.135,-617.544,-267.588,-605.994,-282.206,-593.074,-297.167,-579.731,-320.346,-558.718,-349.405,-531.430,-363.853,-517.904,-371.631,-509.444,-377.825,-497.502,-384.165,-483.197,-390.296,-470.946,-396.465,-458.465,-403.896,-441.415,-411.366,-423.989,-417.897,-407.946,-424.267,-393.341,-430.668,-378.421,-437.364,-359.353,-443.396,-335.628,-453.593,-275.155,-462.582,-216.689,-469.006,-176.273,-472.055,-155.453,-478.203,-134.225,-480.430,-119.743,-482.231,-101.285,-484.477,-80.293,-486.430,-59.966,-488.076,-43.429,-490.247,-22.461,-491.703,-9.757,-492.645,3.057,-494.813,23.132,-496.602,42.010,-506.856,141.319,-513.469,206.292,-517.275,241.070,-527.715,311.839,-535.642,393.443,-541.840,467.033,-547.376,525.357,-549.137,541.851,-547.482,558.505,-544.511,577.188,-541.414,594.831,-538.276,612.080,-535.160,629.542,-532.298,649.498,-529.413,669.243,-526.812,691.780,-523.980,712.033,-520.456,725.473,-516.867,738.731,-511.800,754.976,-505.553,769.733,-501.459,780.208,-496.688,791.508,-490.625,805.190,-483.895,819.882,-474.880,836.453,-467.147,852.895,-459.721,870.080,-453.827,884.017,-449.130,895.293,-443.433,909.086,-436.513,925.092,-430.155,940.245,-424.124,954.541,-419.155,964.087,-412.860,977.625,-407.520,988.132,-390.608,1012.998,-365.807,1041.110,-357.114,1048.667,-348.015,1056.609,-334.917,1067.407,-320.059,1078.856,-308.034,1087.735,-296.143,1096.870,-284.462,1105.750,-273.101,1113.906,-258.935,1122.908,-245.811,1130.265,-230.578,1139.160,-217.979,1146.701,-207.075,1153.032,-195.379,1159.109,-180.949,1166.069,-160.090,1175.551,-147.204,1181.529,-130.484,1185.989,-105.146,1192.015,1.494,1207.642,97.990,1228.026,121.946,1236.918,136.332,1234.518,161.479,1223.508,190.526,1221.669,211.833,1219.807,234.926,1217.274,249.399,1212.322,264.221,1205.131,279.468,1197.410,291.960,1191.999,305.908,1188.451,318.496,1184.840,332.445,1181.098,349.729,1172.176,371.555,1158.814,388.942,1149.068,405.058,1140.412,418.828,1133.472,435.540,1124.994,454.477,1114.110,478.278,1099.124,509.460,1076.630,526.279,1059.866,537.044,1047.438,547.625,1035.783,561.982,1019.685,576.464,1003.190,586.368,989.528,595.770,977.261,604.655,964.567,613.174,952.734,621.053,941.866,629.555,930.493,638.641,918.644,647.708,906.810,656.506,895.196,665.495,883.426,686.897,861.392,701.352,842.551,707.915,827.246,714.202,813.455,720.137,803.145,726.009,793.821,733.114,782.185,739.763,770.512,746.032,756.949,752.733,740.589,761.369,726.022,771.852,713.397,779.232,695.858,786.169,675.692,793.006,659.134,803.542,645.125,816.344,632.417,824.538,620.351,831.714,598.261,839.506,569.645,846.416,551.070,854.553,531.900,862.221,516.853,868.728,500.795,875.949,483.890,883.238,460.305,890.369,429.432,893.599,390.369,895.697,368.972,902.782,328.567,913.127,227.796,916.132,154.021,920.005,84.812,919.162,45.378,918.829,0.500,917.751,-37.039,916.954,-74.087,917.751,-102.906,918.130,-121.372,919.333,-143.811,920.145,-166.193,915.768,-181.890,910.508,-198.839,906.484,-220.346,902.026,-239.386,894.409,-254.628,886.335,-270.073,872.985,-292.997,823.861,-353.676,780.898,-402.037,763.216,-426.109,755.749,-440.663,749.336,-453.971,742.381,-468.711,733.771,-485.584,726.958,-498.692,719.052,-516.126,712.736,-533.685,708.104,-547.180,704.300,-558.277,700.085,-571.412,694.466,-589.196,688.769,-606.107,682.720,-622.018,673.724,-638.490,665.292,-651.935,650.428,-669.295,636.848,-680.698,623.128,-692.077,608.654,-704.381,591.971,-719.040,568.548,-740.118,547.249,-758.704,528.896,-769.967,515.822,-777.495,505.118,-783.640,491.600,-791.136,476.750,-797.839,461.827,-804.242,446.755,-810.672,427.106,-818.321,404.217,-826.211,382.769,-830.919,354.528,-834.001,339.892,-834.864,322.972,-837.453,285.853,-843.601,268.738,-845.530,255.245,-846.950
-1.063,-255.546,-11.695,-255.163,-21.766,-254.659,-36.794,-255.202,-41.769,-252.916,-45.054,-251.662,-47.463,-251.297,-50.975,-250.321,-54.204,-248.997,-56.613,-248.632,-59.088,-247.615,-61.607,-246.156,-64.017,-245.791,-66.485,-244.837,-67.443,-241.393,-69.599,-237.370,-71.398,-231.760,-72.945,-222.491,-75.126,-217.592,-77.077,-211.112,-78.801,-200.098,-81.019,-194.198,-83.110,-186.974,-85.363,-170.724,-88.529,-154.829,-91.791,-136.656,-92.451,-130.824,-92.079,-128.415,-94.682,-111.435,-93.917,-101.565,-97.093,-79.489,-99.541,-63.407,-101.323,-59.304,-101.203,-56.919,-104.131,-35.470,-103.124,-27.989,-103.217,-16.506,-104.280,0.863,-103.584,11.406,-106.680,30.814,-113.996,96.898,-120.001,138.826,-126.941,219.252,-127.989,235.624,-127.110,243.948,-127.102,256.327,-128.360,272.677,-131.026,282.647,-133.728,296.273,-136.688,319.504,-145.055,386.459,-152.199,470.788,-153.422,488.905,-153.327,503.084,-153.419,518.334,-153.936,529.470,-152.995,534.656,-154.990,539.397,-153.800,542.612,-153.358,547.833,-152.969,551.824,-151.692,556.633,-151.577,565.709,-151.092,568.130,-149.585,570.655,-148.736,573.113,-148.314,575.527,-146.807,578.052,-144.629,579.483,-141.847,581.528,-136.084,582.727,-133.728,582.888,-127.843,583.016,-125.596,584.256,-123.269,584.696,-115.745,586.066,-112.824,587.991,-109.602,589.669,-102.079,591.039,-96.692,593.149,-90.700,595.172,-84.922,596.365,-82.637,597.227,-80.348,598.046,51.093,611.953,53.391,612.688,55.667,613.634,59.700,614.651,66.852,616.748,72.824,618.960,78.602,620.153,99.744,623.602,114.750,623.449,118.905,623.260,159.270,626.098,182.893,630.223,193.907,631.946,196.137,633.354,198.732,631.854,204.565,631.799,211.988,631.432,217.218,630.197,231.167,630.901,233.621,630.094,235.809,631.916,238.240,631.333,240.627,631.185,269.216,633.468,286.606,633.691,305.627,634.171,308.693,635.926,315.505,635.716,323.911,635.702,328.146,634.367,333.380,633.934,340.477,633.852,344.396,632.485,349.511,631.976,358.410,632.140,363.345,630.876,370.878,630.547,383.387,631.140,388.988,629.944,397.480,629.649,403.380,629.637,405.905,628.129,409.702,626.077,412.775,625.170,417.146,622.213,426.608,615.481,430.072,611.051,431.929,608.867,434.965,605.457,436.261,602.798,438.375,597.439,440.393,591.419,441.410,587.386,443.487,581.769,445.542,576.007,447.089,566.739,449.035,561.781,451.045,557.105,453.121,542.601,455.023,537.447,457.077,532.967,459.330,516.717,465.943,464.370,471.232,428.544,475.250,394.841,475.621,392.506,475.567,386.673,478.246,377.618,481.084,361.258,482.984,348.499,485.130,344.432,486.940,338.865,488.663,327.851,490.695,324.282,492.442,319.963,493.989,310.694,496.047,306.236,497.945,301.061,499.491,291.792,501.257,289.599,502.917,287.394,504.111,281.617,505.903,278.534,507.713,275.474,508.730,271.441,510.466,268.289,512.333,265.298,513.527,259.520,515.103,257.308,516.953,255.123,517.970,251.090,519.591,247.799,521.572,244.947,521.347,242.552,520.602,237.810,519.225,234.067,519.389,226.422,518.962,219.163,517.681,214.395,517.431,210.291,517.093,202.786,515.805,198.089,515.649,192.415,514.998,188.639,513.606,184.964,513.691,176.285,513.390,169.676,512.015,165.833,513.253,162.071,512.936,159.667,514.875,154.998,517.186,141.247,518.258,138.983,516.938,134.601,516.896,125.285,519.075,96.048,521.699,87.540,521.960,74.601,526.634,21.336,525.859,11.570,526.006,-0.871,526.460,-11.800,525.484,-19.582,525.637,-32.709,527.391,-56.062,526.283,-62.328,525.974,-71.529,527.354,-73.761,527.529,-92.077,528.940,-118.899,534.402,-178.904,533.041,-181.413,531.789,-182.546,529.617,-184.529,527.352,-185.579,522.266,-187.035,517.795,-189.251,506.704,-191.258,486.696,-194.160,478.300,-196.773,463.367,-199.233,451.848,-201.212,439.268,-204.248,405.865,-206.615,376.155,-208.871,368.362,-211.422,357.142,-213.634,294.807,-220.627,257.439,-222.644,180.579,-229.280,178.344,-230.632,154.994,-232.414,152.649,-232.687,146.861,-233.782,144.407,-232.975,129.623,-235.576,120.958,-234.689,100.718,-237.459,97.156,-238.860,94.031,-240.940,87.051,-242.432,82.039,-243.916,72.704,-246.624,29.752,-251.819,4.393,-255.298
202.951,-469.128,190.400,-466.191,178.188,-464.308,168.368,-463.551,159.666,-463.594,148.804,-463.381,136.416,-460.310,123.149,-458.370,110.650,-456.392,102.049,-454.925,94.375,-453.529,83.938,-450.917,74.675,-448.549,64.103,-446.345,54.847,-443.344,44.473,-438.145,35.795,-434.221,25.549,-429.301,13.503,-426.734,-0.135,-424.780,-9.727,-420.395,-20.010,-415.472,-31.131,-411.737,-39.034,-409.030,-45.934,-407.521,-53.588,-405.544,-64.491,-403.130,-76.733,-396.936,-94.961,-385.295,-106.023,-377.403,-127.116,-361.421,-146.436,-343.575,-159.048,-330.434,-164.777,-322.809,-170.649,-314.923,-175.364,-306.753,-180.148,-298.372,-186.986,-288.497,-191.717,-280.751,-197.201,-272.610,-201.698,-265.957,-205.876,-258.586,-210.162,-250.233,-214.235,-243.810,-218.360,-237.471,-223.883,-229.989,-229.926,-220.363,-234.709,-210.482,-239.050,-201.633,-243.362,-193.033,-247.932,-179.324,-250.534,-167.703,-254.899,-157.195,-260.188,-139.732,-266.099,-116.611,-271.873,-94.747,-277.518,-74.043,-283.828,-47.301,-289.347,-26.611,-292.164,-9.914,-294.537,2.707,-301.068,32.541,-306.768,60.183,-307.832,69.383,-311.110,94.344,-320.029,164.785,-329.185,250.426,-333.626,317.814,-333.513,347.355,-333.418,377.059,-331.719,392.201,-330.348,410.319,-328.797,426.801,-326.854,439.722,-324.896,452.511,-322.892,464.875,-320.735,475.855,-318.182,483.339,-314.836,491.938,-311.093,503.653,-308.009,512.975,-304.567,521.086,-300.107,530.431,-294.353,541.468,-290.314,551.747,-284.956,562.556,-277.067,576.180,-272.256,585.963,-267.499,595.679,-263.822,604.048,-258.338,614.672,-249.033,630.055,-228.073,658.285,-211.239,676.081,-200.477,685.724,-188.080,697.406,-174.511,710.545,-158.862,725.478,-145.181,737.703,-137.133,743.107,-123.607,754.171,-111.197,763.341,-103.689,768.518,-93.206,775.424,-85.416,780.169,-78.309,784.318,-70.162,788.627,-59.669,794.344,-49.194,799.847,-36.412,808.217,-25.379,813.658,-17.382,817.906,-9.968,822.088,1.294,826.694,12.366,831.279,20.866,835.581,29.363,839.882,38.435,844.022,48.658,847.176,69.918,852.647,84.116,854.974,91.032,855.789,107.632,858.491,120.539,860.333,127.206,861.142,134.220,862.024,164.436,865.321,186.798,866.107,199.180,866.729,228.241,866.987,243.341,867.288,256.971,866.955,271.748,866.869,285.100,865.859,294.373,864.647,310.771,861.809,322.144,859.491,332.842,857.303,343.158,855.073,351.732,852.496,362.575,848.987,370.468,846.146,378.953,842.377,386.165,839.628,394.140,836.267,403.998,831.444,415.410,826.862,426.284,823.013,435.442,819.873,445.981,816.736,455.575,812.736,465.960,807.445,480.546,798.781,495.885,788.407,521.525,765.458,542.173,745.875,552.118,734.869,559.365,725.428,563.846,715.507,567.058,704.823,571.419,693.366,575.806,684.252,581.359,674.035,586.273,665.325,590.516,657.374,594.854,648.540,599.655,635.508,604.393,623.045,609.262,609.397,614.545,591.985,619.193,580.337,623.315,573.472,627.699,564.217,632.138,554.474,636.827,542.455,641.934,526.647,647.731,504.565,654.344,475.075,659.909,455.097,665.968,430.639,672.144,405.113,678.489,378.056,685.039,349.140,691.409,321.855,700.363,271.101,708.668,225.151,713.885,185.467,720.071,153.464,726.810,121.639,735.874,46.573,743.653,-0.499,745.486,-9.362,745.390,-28.617,744.157,-47.933,743.243,-70.332,740.997,-89.938,738.166,-100.386,736.304,-114.065,734.188,-125.411,731.625,-132.700,729.031,-139.718,726.438,-146.735,723.845,-153.752,721.251,-160.770,718.310,-168.359,712.749,-180.582,707.566,-191.021,701.365,-200.704,694.386,-211.061,689.607,-217.435,679.943,-231.269,663.329,-253.571,647.411,-269.876,633.736,-280.737,621.617,-292.589,601.995,-316.658,592.276,-327.192,584.935,-333.721,574.897,-341.087,567.916,-345.579,560.454,-351.104,554.051,-355.307,547.245,-359.423,539.794,-363.609,531.101,-367.971,519.712,-375.561,506.582,-387.303,488.442,-400.709,479.004,-405.514,471.299,-409.728,462.752,-414.035,453.835,-418.304,445.801,-421.217,434.786,-425.541,424.610,-430.027,411.246,-434.864,393.204,-440.167,365.321,-444.306,337.554,-448.289,304.461,-454.950,293.590,-457.469,284.099,-458.991,272.332,-461.057,254.658,-463.016,243.069,-464.945,231.688,-467.617,224.382,-468.120,217.764,-469.159,211.539,-469.735
195.849,-551.896,158.993,-548.842,144.681,-545.575,131.679,-542.307,117.367,-539.039,104.770,-535.772,90.855,-532.504,77.033,-529.236,65.443,-525.969,56.487,-522.488,46.728,-517.684,36.349,-512.965,29.246,-509.570,21.305,-506.141,11.281,-501.388,1.591,-496.618,-5.713,-493.045,-17.907,-487.623,-29.111,-481.873,-36.422,-478.377,-43.360,-474.961,-56.352,-466.570,-71.589,-454.678,-85.764,-443.771,-101.040,-431.763,-114.263,-421.808,-129.996,-409.342,-149.926,-392.680,-166.829,-378.752,-175.600,-370.574,-190.734,-358.106,-212.426,-336.545,-220.770,-326.305,-227.665,-318.287,-234.206,-309.630,-237.964,-302.372,-241.234,-294.266,-245.030,-284.612,-249.404,-274.822,-252.699,-267.248,-255.967,-259.782,-259.235,-251.576,-262.902,-239.925,-267.386,-225.916,-270.701,-215.481,-273.969,-204.299,-277.237,-194.656,-280.504,-184.586,-283.772,-174.525,-287.040,-165.007,-290.307,-156.012,-293.575,-145.760,-296.843,-136.053,-300.110,-125.807,-303.378,-114.863,-306.646,-95.059,-309.913,-76.208,-313.181,-59.524,-316.448,-37.897,-319.716,-18.814,-322.984,9.250,-326.096,48.614,-326.696,65.086,-329.459,100.829,-332.607,225.397,-332.184,329.338,-329.877,364.282,-327.442,382.361,-326.800,395.914,-326.770,418.125,-324.993,472.346,-321.771,527.269,-318.503,549.446,-315.236,560.577,-311.968,570.630,-308.700,579.384,-305.433,590.679,-302.165,600.892,-298.897,610.123,-295.630,618.986,-292.362,628.266,-289.094,639.225,-285.827,647.821,-282.559,656.665,-279.292,665.633,-276.029,676.292,-273.473,687.745,-270.524,700.039,-264.398,713.426,-259.678,722.449,-255.306,730.099,-250.400,738.273,-244.502,747.178,-239.111,753.807,-233.430,762.559,-224.580,774.939,-216.762,783.997,-204.379,799.292,-177.454,826.680,-165.119,837.528,-154.884,845.686,-146.806,851.799,-132.452,862.897,-119.491,872.591,-108.661,880.129,-97.747,885.796,-89.645,889.102,-81.756,892.370,-74.202,895.638,-66.050,898.905,-58.563,902.173,-50.538,905.441,-42.364,908.708,-34.307,911.976,-26.872,915.244,-18.720,918.511,-11.032,921.779,-1.673,925.047,8.069,928.314,17.678,931.582,30.644,934.850,51.428,938.117,78.280,941.385,118.901,944.652,183.918,947.880,203.917,949.975,244.329,952.519,304.206,951.410,321.223,948.161,334.385,944.893,346.663,941.625,360.491,938.358,374.894,935.090,391.888,931.821,405.540,928.030,414.363,923.601,423.503,919.070,430.550,915.424,437.507,911.734,445.818,906.838,457.231,900.791,467.339,895.752,474.863,892.430,481.408,889.163,487.944,885.895,494.479,882.627,501.014,879.360,507.561,876.082,515.558,871.872,524.324,867.488,536.752,858.357,552.279,846.096,570.965,829.768,583.459,815.738,590.636,807.803,599.346,798.211,608.897,787.473,621.969,770.786,630.368,757.772,637.268,747.367,643.260,738.107,649.567,728.530,653.617,720.696,656.889,712.500,660.157,703.567,663.424,696.174,666.692,688.416,670.097,680.120,674.702,669.357,678.159,659.162,681.427,647.913,684.694,637.987,687.962,625.865,691.229,613.868,694.497,601.082,697.765,590.612,701.032,578.475,704.300,564.572,707.568,547.260,710.835,529.188,714.103,509.404,717.371,480.983,720.638,448.316,723.906,417.542,727.130,375.847,727.699,324.365,726.370,260.702,726.820,224.523,729.432,212.800,732.581,188.854,732.200,102.982,728.988,68.871,725.720,40.422,722.646,14.433,721.382,0.315,718.413,-24.397,715.386,-54.308,714.793,-78.370,711.938,-99.701,708.670,-120.372,705.403,-139.740,702.135,-149.224,698.867,-156.064,695.600,-164.155,692.332,-173.053,689.064,-180.443,685.797,-188.010,682.529,-196.675,679.261,-203.518,675.994,-211.522,672.698,-219.605,667.978,-227.788,661.224,-237.810,654.162,-248.140,646.022,-259.547,640.340,-268.223,635.059,-275.711,627.955,-286.581,620.897,-296.911,612.850,-308.225,606.746,-317.597,600.168,-327.442,591.874,-339.003,580.609,-353.065,570.439,-364.571,550.621,-386.635,537.575,-401.397,499.173,-441.789,476.679,-464.177,455.062,-482.457,444.253,-487.839,433.499,-493.119,426.064,-496.691,415.768,-501.304,405.578,-505.718,394.136,-511.126,387.348,-514.562,380.813,-517.830,373.798,-521.211,363.559,-525.816,356.198,-529.296,348.548,-532.564,336.797,-535.832,322.392,-539.099,306.032,-542.367,290.575,-545.635,278.082,-548.671,269.081,-549.921,251.700,-552.728
321.503,-617.547,300.280,-616.267,271.831,-616.915,254.344,-615.301,243.895,-612.939,233.558,-610.644,221.180,-608.450,207.867,-607.370,190.526,-605.515,170.585,-604.051,148.879,-604.535,116.246,-605.209,99.464,-605.297,83.492,-605.227,70.684,-602.908,61.746,-600.085,52.782,-597.264,43.693,-594.456,34.827,-591.348,23.288,-587.505,15.068,-584.510,5.994,-581.520,-4.351,-577.522,-13.401,-574.541,-23.529,-570.573,-37.618,-563.165,-50.825,-555.833,-65.587,-547.201,-97.004,-522.806,-109.281,-509.369,-114.898,-500.321,-120.681,-491.311,-126.126,-480.098,-131.086,-468.378,-136.080,-456.304,-141.111,-443.878,-147.268,-420.547,-153.843,-393.175,-159.051,-379.324,-165.438,-364.390,-170.830,-353.644,-175.617,-345.582,-182.812,-334.111,-188.316,-325.379,-193.063,-315.753,-198.075,-303.503,-203.299,-289.205,-208.734,-272.867,-214.083,-257.353,-219.119,-244.886,-224.282,-234.014,-231.251,-224.284,-240.524,-213.350,-249.349,-202.783,-259.319,-191.284,-266.763,-181.823,-272.856,-172.555,-279.103,-161.446,-284.016,-152.558,-288.675,-143.726,-293.270,-135.517,-297.921,-126.770,-302.587,-117.872,-307.452,-107.047,-312.626,-93.235,-317.682,-80.560,-322.794,-67.345,-327.696,-56.166,-333.110,-40.027,-341.497,9.123,-347.957,85.989,-346.284,105.839,-343.614,116.265,-340.986,127.093,-338.276,137.124,-335.750,148.941,-333.400,162.454,-331.201,177.430,-329.528,197.479,-330.814,235.992,-337.308,274.224,-343.333,296.307,-348.641,311.416,-353.730,324.410,-358.616,335.435,-363.403,345.497,-368.187,355.543,-373.320,368.959,-378.757,385.317,-384.042,400.213,-391.404,442.129,-393.938,498.160,-391.053,511.254,-388.732,525.067,-386.428,539.031,-384.168,553.458,-380.997,565.106,-376.434,577.076,-370.661,591.142,-365.370,602.252,-357.992,615.509,-352.224,626.784,-345.411,639.346,-336.770,654.157,-327.547,669.684,-317.760,685.905,-302.781,708.515,-269.345,753.835,-258.735,771.417,-243.224,795.035,-228.591,813.062,-217.452,824.791,-202.852,839.873,-184.986,858.020,-173.679,868.778,-165.166,877.111,-153.606,887.477,-139.222,900.997,-124.875,914.118,-111.615,924.843,-102.588,931.674,-92.657,938.799,-82.222,946.539,-73.380,953.227,-63.357,960.661,-53.719,966.057,-44.224,970.789,-35.735,975.413,-27.250,980.036,-18.374,984.700,-8.358,989.480,10.059,994.645,35.607,999.886,87.429,1008.102,121.341,1011.844,144.991,1012.994,167.518,1014.528,182.514,1016.416,215.303,1022.269,241.354,1027.442,263.506,1033.398,290.149,1038.970,312.836,1039.984,330.251,1038.158,345.296,1035.966,360.345,1033.775,377.068,1031.756,401.740,1030.536,423.355,1027.968,438.635,1024.018,449.226,1020.897,458.961,1018.155,469.745,1015.523,479.254,1012.749,491.607,1008.948,503.713,1003.180,515.389,997.090,526.083,991.795,536.569,986.668,547.558,980.970,556.616,973.225,566.959,961.272,578.780,947.080,586.439,937.355,593.171,928.488,599.721,919.531,607.070,908.006,614.063,897.206,619.553,888.189,624.366,877.985,629.959,866.627,635.922,854.550,640.744,844.319,646.326,826.564,651.959,808.304,657.386,792.047,662.639,777.468,667.630,765.420,672.923,750.453,680.930,709.222,694.441,614.728,701.678,580.947,707.607,559.823,713.179,542.158,718.788,524.133,724.511,505.006,731.181,473.634,736.743,408.926,739.879,370.697,745.538,346.814,748.263,331.577,751.237,319.720,756.393,297.278,758.036,258.922,756.508,237.750,756.976,218.718,763.182,162.578,762.947,130.855,760.892,114.477,758.552,100.863,756.902,81.430,759.479,43.402,763.924,23.281,769.649,3.902,776.384,-41.756,776.731,-75.179,775.281,-97.399,774.168,-122.887,772.680,-144.742,770.500,-159.909,767.746,-169.512,764.972,-178.926,762.291,-189.239,759.485,-198.344,756.805,-208.669,754.148,-219.218,751.447,-229.336,748.772,-239.703,746.120,-250.306,743.212,-259.452,737.979,-271.266,733.168,-282.009,728.919,-291.419,724.204,-301.399,717.200,-314.196,706.215,-331.890,693.158,-352.106,663.392,-390.909,648.944,-411.197,641.466,-424.563,630.223,-442.545,591.517,-491.690,568.741,-515.969,555.581,-527.145,538.186,-539.484,527.386,-546.916,520.277,-551.464,512.099,-556.616,498.747,-565.400,488.597,-570.973,475.939,-576.755,462.728,-582.786,452.998,-587.553,439.690,-592.674,428.214,-597.607,416.827,-602.530,406.683,-607.223,392.814,-610.413,369.118,-613.930
137.143,-360.799,126.047,-357.863,115.512,-354.721,100.898,-351.592,88.411,-348.930,78.364,-346.800,67.531,-342.349,59.750,-339.020,51.850,-335.870,43.892,-332.720,36.052,-329.533,28.388,-325.214,21.571,-321.602,14.980,-318.216,6.867,-313.317,-3.342,-306.335,-12.864,-300.035,-21.259,-294.851,-32.294,-286.277,-40.004,-280.077,-48.805,-273.658,-58.511,-266.630,-64.637,-261.829,-72.588,-256.133,-81.852,-248.507,-104.298,-229.094,-147.361,-185.641,-160.655,-171.307,-164.211,-165.346,-172.287,-156.030,-180.005,-145.258,-187.134,-135.008,-194.181,-124.839,-201.344,-114.555,-211.201,-101.593,-220.264,-89.421,-226.901,-79.660,-233.576,-69.861,-239.954,-60.357,-246.311,-50.874,-251.383,-42.667,-255.040,-35.336,-261.104,-25.005,-266.025,-15.698,-270.722,-6.305,-274.100,0.972,-277.299,8.853,-280.993,17.284,-285.332,26.211,-288.559,33.485,-291.760,42.153,-294.967,53.032,-298.175,64.131,-301.383,75.230,-304.590,86.033,-307.805,99.352,-311.032,116.741,-314.297,147.085,-316.527,182.862,-314.323,212.967,-312.602,248.141,-310.273,284.641,-309.771,296.844,-306.783,314.646,-303.693,342.081,-300.600,368.654,-297.495,391.459,-294.373,408.679,-291.237,421.062,-288.102,433.806,-284.970,447.609,-281.805,458.556,-277.325,473.698,-272.311,486.496,-269.082,494.883,-265.093,506.166,-261.149,516.530,-257.993,524.522,-254.787,532.745,-250.333,542.355,-246.424,549.565,-242.074,557.125,-237.755,564.655,-234.088,571.527,-229.933,578.892,-226.128,585.904,-221.993,593.670,-216.339,603.748,-208.275,614.987,-200.543,623.865,-192.315,632.196,-183.884,639.741,-165.433,653.995,-152.249,663.629,-144.342,668.401,-137.240,672.362,-129.810,676.654,-123.039,680.282,-115.489,684.691,-108.459,687.930,-101.121,691.126,-94.769,694.320,-87.995,697.515,-80.463,700.716,-72.501,704.598,-61.040,708.774,-52.002,711.985,-43.214,715.185,-33.112,718.391,-22.404,721.926,-10.120,726.419,-0.192,729.677,13.197,732.892,25.423,736.103,40.004,739.322,57.926,742.550,75.143,745.777,91.999,749.002,107.997,752.225,125.921,755.454,150.868,758.662,211.901,759.366,236.393,756.378,253.148,753.255,274.199,750.145,300.732,747.052,314.685,743.921,325.538,740.779,339.107,737.647,350.785,734.508,360.115,731.362,368.198,728.194,378.153,723.983,387.343,719.069,396.379,713.736,405.907,708.987,415.017,704.347,421.602,701.010,428.524,697.294,435.962,693.066,442.379,689.853,449.930,685.511,457.862,680.792,464.983,676.880,473.608,671.994,484.037,665.901,492.825,660.358,501.728,654.674,512.584,647.049,522.544,640.313,537.012,628.743,549.516,616.759,572.336,594.577,589.893,574.745,600.179,563.983,614.511,546.703,627.512,530.628,636.631,519.682,642.755,511.598,647.716,502.443,651.962,493.495,655.649,485.831,660.006,476.711,663.243,467.499,666.455,460.062,670.680,449.132,674.521,436.591,677.730,425.899,680.936,415.651,684.146,403.557,687.365,389.012,690.575,377.348,693.796,361.854,697.028,342.751,700.256,325.138,703.486,306.674,706.738,281.372,710.003,251.209,713.251,227.220,716.271,198.905,715.381,156.669,712.278,138.386,709.152,122.721,706.018,109.653,703.008,98.004,701.204,89.711,698.259,76.787,695.125,63.596,691.985,52.444,688.846,40.949,685.706,29.767,682.564,19.377,679.415,10.615,675.766,0.643,671.061,-10.609,666.705,-21.934,663.518,-30.698,660.368,-38.816,657.217,-46.277,654.060,-53.954,649.971,-63.211,644.636,-73.416,640.584,-80.722,634.488,-90.252,628.708,-100.600,624.351,-108.274,618.095,-117.752,612.321,-126.745,606.981,-135.302,601.470,-144.021,595.877,-151.628,587.386,-162.076,573.442,-179.271,555.966,-198.654,543.687,-208.282,532.876,-215.975,522.550,-223.181,512.906,-229.700,502.670,-236.814,491.256,-245.115,479.151,-254.110,468.211,-261.933,457.229,-269.799,444.751,-279.174,438.238,-283.561,429.272,-289.660,415.271,-298.393,404.356,-304.721,397.078,-308.711,389.393,-313.187,381.961,-316.885,372.883,-321.802,365.414,-325.329,358.308,-328.525,351.079,-331.721,344.083,-334.916,335.337,-338.117,326.477,-341.318,316.181,-344.133,306.425,-346.087,296.441,-347.919,283.445,-349.233,257.066,-352.230,237.666,-354.113,219.198,-356.197,194.989,-357.959,170.303,-360.151,160.673,-361.702,152.823,-362.076
196.787,-554.728,185.037,-554.670,167.253,-553.704,150.107,-553.993,133.954,-553.105,124.997,-553.227,115.996,-553.376,96.995,-552.226,75.259,-551.114,61.099,-550.112,53.649,-549.169,43.007,-547.552,30.339,-545.778,19.963,-544.730,6.292,-542.820,-8.009,-540.906,-19.666,-538.712,-27.844,-536.134,-37.718,-532.775,-47.375,-529.700,-57.368,-526.977,-70.921,-521.877,-83.911,-516.345,-93.207,-512.123,-103.540,-508.073,-112.709,-503.902,-121.439,-499.948,-134.572,-492.437,-146.681,-485.753,-159.480,-478.510,-176.501,-467.857,-191.303,-459.035,-206.190,-450.063,-221.992,-437.462,-242.617,-417.915,-249.805,-409.004,-255.472,-400.988,-261.302,-391.022,-265.761,-383.348,-271.021,-365.878,-277.369,-316.921,-277.510,-286.381,-280.221,-252.910,-285.353,-235.050,-290.541,-218.485,-296.340,-196.166,-301.807,-176.977,-306.966,-160.692,-312.020,-145.395,-316.739,-133.246,-321.333,-122.282,-326.049,-110.175,-330.895,-96.833,-335.761,-83.308,-340.694,-69.154,-345.895,-52.470,-351.550,-31.503,-357.370,-8.991,-363.328,14.831,-369.351,39.264,-378.541,93.543,-390.791,176.668,-401.333,243.689,-409.881,291.920,-414.699,304.998,-419.293,315.964,-425.494,342.140,-436.248,426.505,-440.010,489.457,-440.144,522.881,-440.363,544.224,-442.101,570.107,-446.373,601.926,-453.498,639.741,-459.829,706.134,-459.328,733.407,-457.274,746.380,-455.305,760.163,-452.851,771.459,-447.211,784.473,-440.078,795.641,-431.256,806.220,-422.095,813.919,-411.784,821.144,-395.030,827.271,-381.322,831.000,-367.604,834.928,-359.871,836.324,-351.160,837.285,-342.688,837.793,-310.710,842.352,-206.358,852.597,-184.608,854.624,-177.435,855.250,-166.628,856.785,-146.065,859.795,-92.765,864.539,-71.705,866.478,-48.026,868.967,-35.272,870.323,-18.207,872.173,-2.991,874.261,46.371,879.543,70.843,882.796,87.774,885.853,97.668,890.448,111.671,896.660,123.041,901.753,135.963,907.778,144.056,912.124,153.343,916.540,162.324,920.924,171.631,925.342,186.927,930.396,201.506,935.340,213.365,938.885,225.144,941.748,241.034,945.701,278.854,951.792,296.066,954.013,312.921,957.742,346.544,963.396,401.432,972.333,414.490,975.090,429.168,977.261,446.918,980.816,479.890,985.070,524.675,988.507,535.520,989.558,543.516,990.394,550.311,991.071,557.126,991.863,568.303,991.777,589.732,990.811,607.573,990.227,618.322,989.638,628.300,988.979,640.365,988.245,654.246,986.472,665.695,985.441,675.313,981.934,687.339,973.919,694.183,956.887,699.792,936.414,704.733,922.188,709.717,907.549,714.623,893.642,719.705,878.079,725.478,856.002,731.133,835.045,737.629,806.152,745.554,763.791,752.474,730.909,759.135,698.038,765.343,643.819,766.305,619.273,767.207,578.886,768.464,552.825,770.022,539.940,770.856,528.626,772.390,511.910,775.265,466.174,775.342,433.268,774.020,413.391,772.863,391.958,771.272,374.665,770.155,362.026,770.977,336.420,776.843,275.996,783.331,245.709,789.618,218.786,795.739,193.427,801.380,172.597,807.060,151.399,813.525,121.267,816.627,99.471,818.841,90.647,819.883,70.064,826.330,18.924,826.950,-15.432,825.890,-37.783,824.404,-56.110,823.244,-72.521,824.475,-91.187,825.366,-109.254,825.998,-120.574,826.559,-146.611,826.978,-165.532,826.563,-193.160,825.488,-215.362,823.860,-232.357,822.061,-247.739,819.557,-256.473,816.938,-264.126,814.511,-273.688,811.234,-283.489,807.090,-292.906,802.445,-302.583,794.730,-318.130,788.308,-331.367,781.811,-344.077,774.314,-358.158,768.289,-367.445,763.045,-374.087,752.763,-386.804,740.354,-400.843,731.182,-408.599,724.429,-415.376,712.080,-426.319,696.908,-438.505,689.316,-443.869,680.501,-449.572,673.554,-453.902,665.992,-459.136,652.950,-464.616,637.688,-470.756,625.448,-476.035,615.503,-480.523,603.779,-485.198,579.762,-491.177,557.263,-496.752,539.414,-500.750,517.322,-506.407,502.282,-510.305,492.136,-513.099,482.959,-515.529,473.355,-517.540,450.191,-523.213,433.850,-526.942,426.817,-527.859,420.036,-528.614,413.248,-529.308,406.457,-529.977,399.666,-530.672,391.909,-531.510,382.873,-532.432,374.875,-533.310,365.990,-534.308,357.810,-535.048,348.980,-535.987,340.675,-536.925,328.282,-539.832,317.531,-541.396,308.538,-542.041,289.456,-542.418,276.508,-543.681,259.781,-545.594,233.766,-550.177,218.083,-553.263
189.972,-400.035,157.559,-400.745,146.182,-399.116,135.373,-397.427,124.381,-395.758,114.977,-393.925,104.761,-392.175,96.581,-390.214,88.421,-388.252,80.967,-386.199,69.292,-383.491,59.691,-381.062,48.701,-378.049,40.432,-375.865,32.392,-373.890,22.709,-372.086,14.678,-370.099,4.252,-367.415,-3.791,-364.750,-9.660,-362.548,-15.507,-360.343,-22.490,-357.217,-41.582,-344.237,-69.375,-322.475,-88.022,-306.155,-100.068,-294.861,-107.546,-285.642,-114.067,-276.917,-120.460,-269.169,-125.866,-262.235,-132.203,-254.543,-137.200,-247.939,-140.726,-242.531,-145.227,-236.332,-150.799,-229.261,-156.207,-222.324,-160.802,-216.048,-164.761,-209.978,-168.276,-203.173,-171.932,-194.997,-175.660,-186.123,-179.397,-177.156,-183.499,-164.674,-187.497,-153.197,-191.547,-141.213,-196.596,-119.592,-201.762,-96.852,-206.325,-79.904,-210.316,-68.153,-212.294,-58.023,-213.004,-47.857,-218.504,-14.771,-226.639,36.650,-235.367,93.765,-243.128,141.591,-253.909,234.951,-257.649,296.036,-256.810,315.052,-255.378,328.325,-253.830,340.479,-252.187,351.733,-250.418,361.757,-248.437,369.736,-246.609,379.202,-244.755,388.412,-242.985,398.429,-241.289,409.158,-239.264,416.722,-237.511,426.905,-235.908,438.529,-234.061,447.813,-232.014,455.159,-229.973,462.556,-228.148,472.051,-226.382,482.110,-224.612,492.124,-222.834,502.064,-221.053,511.983,-219.107,520.297,-217.001,527.076,-214.877,533.687,-212.804,540.773,-210.757,548.117,-208.966,557.938,-207.121,567.234,-205.051,574.346,-203.010,581.767,-201.174,591.152,-199.123,598.450,-196.923,604.318,-194.719,610.163,-192.462,616.076,-189.073,623.382,-184.635,631.978,-179.146,641.842,-167.864,656.643,-158.247,668.682,-152.479,675.797,-135.176,693.481,-124.925,702.342,-116.760,709.260,-109.067,715.598,-100.529,722.978,-92.888,729.253,-86.361,734.155,-79.101,739.960,-72.956,743.704,-65.062,747.330,-57.014,750.972,-48.961,754.623,-40.133,759.225,-31.079,763.741,-17.809,767.928,-2.425,772.331,13.443,776.782,103.609,788.169,196.339,795.686,217.763,795.100,236.366,794.219,250.182,792.842,259.879,791.039,268.608,789.136,277.202,787.217,286.161,785.338,296.002,783.550,303.720,781.541,311.377,779.526,320.909,777.711,328.938,776.209,336.671,773.753,343.668,771.639,350.451,769.534,357.043,767.408,364.129,765.335,370.387,763.131,379.440,758.376,392.934,751.500,405.077,745.725,417.907,739.126,426.453,734.827,435.975,729.638,459.422,712.954,475.726,698.768,483.098,690.242,491.498,680.873,502.048,669.214,509.684,659.525,513.797,653.626,518.396,647.347,521.773,642.044,525.240,635.687,528.663,629.872,533.092,623.711,537.289,616.708,541.123,610.522,546.147,602.650,551.072,595.932,555.133,589.234,559.862,582.211,563.279,576.569,567.312,569.603,571.911,563.287,575.290,557.966,578.870,550.510,582.424,543.323,586.007,535.848,589.505,529.189,592.919,523.344,596.531,515.599,600.471,504.666,604.450,493.368,608.522,481.187,612.682,468.138,617.001,453.553,621.169,440.445,626.437,416.684,635.429,345.237,638.093,295.459,638.142,267.883,637.144,250.421,636.297,231.493,635.519,211.899,634.461,195.013,633.336,178.777,632.403,160.668,631.125,145.906,629.854,131.083,628.776,114.375,627.448,100.089,626.016,86.823,624.754,71.894,623.285,58.968,621.778,46.412,620.233,34.227,618.539,23.460,616.802,13.129,615.240,1.106,613.204,-6.355,611.263,-14.714,609.162,-21.538,607.244,-30.132,605.156,-37.083,603.316,-46.421,601.251,-53.727,598.483,-63.837,596.121,-74.285,594.105,-81.947,592.021,-88.962,589.398,-98.119,586.646,-107.200,584.181,-114.949,579.108,-127.289,576.203,-135.788,574.000,-141.672,571.796,-147.519,569.064,-154.016,565.626,-161.482,561.396,-171.355,555.528,-183.272,544.064,-201.029,511.886,-243.721,497.903,-261.289,492.990,-267.387,488.071,-273.266,481.478,-281.430,474.106,-287.567,467.614,-292.426,458.406,-300.630,448.351,-309.878,441.615,-315.039,435.141,-319.875,429.392,-323.754,421.127,-328.855,410.707,-334.205,402.754,-337.997,396.055,-341.500,390.037,-344.981,380.127,-350.095,373.041,-353.969,364.260,-357.686,357.086,-361.238,349.101,-364.875,340.716,-368.551,332.431,-372.218,323.512,-375.951,311.874,-379.966,301.183,-383.881,284.234,-388.447,249.372,-394.710
230.208,-531.718,194.987,-532.718,171.743,-532.206,157.251,-530.730,139.936,-529.564,123.298,-528.325,101.411,-527.668,88.074,-526.833,81.380,-525.370,73.088,-523.218,62.831,-521.276,53.384,-519.244,44.770,-517.121,34.915,-514.836,26.441,-510.570,18.344,-506.801,9.707,-502.644,0.839,-498.302,-9.457,-492.818,-16.830,-489.967,-23.186,-486.890,-30.851,-484.586,-37.485,-482.230,-46.294,-479.126,-53.970,-475.967,-63.907,-470.768,-81.138,-459.304,-92.823,-449.655,-100.050,-441.973,-106.275,-435.818,-112.757,-428.441,-121.744,-418.470,-128.177,-410.546,-135.218,-401.896,-141.531,-390.973,-145.691,-381.376,-149.875,-371.273,-153.993,-361.771,-158.154,-351.879,-162.447,-340.782,-166.420,-332.485,-169.186,-326.408,-172.536,-317.877,-177.107,-304.228,-181.985,-287.818,-187.288,-267.556,-192.253,-250.360,-198.512,-221.410,-206.765,-174.354,-215.386,-123.957,-221.512,-96.216,-228.303,-62.290,-232.791,-29.238,-235.408,20.712,-236.822,61.423,-241.183,118.226,-247.696,154.244,-252.761,172.357,-260.431,214.118,-266.918,245.141,-271.769,261.295,-276.388,275.347,-281.220,291.342,-286.240,309.036,-292.871,341.774,-300.002,402.867,-299.138,422.082,-297.641,436.386,-296.259,451.726,-294.505,463.698,-293.063,478.500,-291.577,492.902,-289.673,503.503,-288.045,516.620,-286.434,529.880,-284.555,540.714,-282.848,553.115,-281.120,565.312,-279.207,575.839,-277.413,587.449,-275.465,597.651,-273.694,609.459,-271.916,621.213,-269.756,629.494,-267.783,639.473,-265.601,647.550,-263.398,655.446,-260.953,663.043,-255.198,673.687,-244.933,689.939,-234.516,705.495,-228.300,714.755,-217.583,727.863,-200.079,746.311,-182.659,764.589,-169.603,777.424,-160.506,785.321,-150.577,794.255,-141.065,802.668,-128.179,814.832,-115.405,825.619,-104.972,833.453,-95.752,839.932,-88.408,845.397,-79.859,851.101,-73.032,855.949,-66.719,860.373,-60.980,864.079,-55.244,867.783,-49.344,871.504,-42.278,875.354,-35.753,879.144,-28.476,883.017,-20.421,886.976,-13.955,890.762,-4.880,895.483,8.178,902.319,17.096,906.697,24.142,910.827,41.860,917.109,68.314,921.591,101.529,923.574,123.083,922.885,148.331,922.673,170.185,924.487,182.438,925.497,200.157,927.068,219.494,928.032,231.279,928.600,251.076,927.865,267.946,926.651,278.380,924.724,286.912,921.800,296.874,917.550,304.121,915.043,310.670,912.668,319.613,909.478,328.908,905.913,338.207,903.208,344.665,900.844,351.335,898.457,360.475,895.107,367.320,892.472,373.725,890.105,380.129,887.739,386.894,885.082,402.569,875.176,416.570,864.932,429.071,857.341,441.796,849.907,461.296,837.015,488.169,816.051,500.122,803.820,508.882,794.031,516.721,784.923,525.497,773.046,531.896,762.816,536.848,753.992,543.274,744.250,547.312,737.696,551.053,731.620,555.353,720.467,559.826,707.739,564.019,697.556,568.446,685.239,572.862,673.033,577.099,662.448,581.573,649.716,585.858,638.692,590.284,626.396,594.668,614.473,598.986,603.157,603.331,591.593,607.644,580.317,612.009,568.572,617.163,549.648,621.021,537.614,624.145,522.215,629.306,486.168,634.355,467.604,638.495,454.746,639.991,444.662,644.572,428.496,650.199,405.226,654.270,385.188,658.842,358.217,662.099,330.932,662.363,319.266,662.397,299.156,668.993,258.672,673.664,231.926,676.183,218.406,677.033,210.972,678.472,191.941,680.555,164.653,680.725,147.310,686.160,77.331,694.283,-24.287,696.277,-70.298,698.342,-116.954,697.318,-135.552,696.142,-152.766,695.273,-172.772,693.990,-189.017,691.914,-198.063,690.073,-209.241,688.130,-219.523,685.914,-233.301,683.138,-244.849,680.864,-252.195,678.790,-261.258,676.523,-268.574,674.278,-276.074,672.175,-284.879,669.928,-292.368,667.604,-300.409,661.647,-312.871,655.412,-324.223,648.657,-336.102,642.170,-347.183,625.950,-363.996,611.206,-379.465,602.481,-389.020,591.108,-399.851,584.364,-407.122,579.365,-412.826,572.876,-417.733,564.101,-425.227,555.094,-433.012,545.594,-441.411,537.635,-447.888,529.998,-453.935,522.285,-458.859,514.857,-462.755,507.148,-466.676,500.578,-470.471,493.883,-474.280,486.868,-478.124,479.937,-482.082,468.666,-487.737,457.112,-492.261,448.831,-495.367,439.949,-497.911,428.699,-501.313,413.033,-506.103,368.628,-514.064,283.891,-526.160,254.095,-529.758,247.832,-530.960
251.283,-811.055,220.742,-810.291,209.051,-808.293,196.060,-806.035,180.298,-803.445,163.782,-800.929,146.198,-798.524,129.473,-796.028,112.982,-792.335,95.602,-782.877,81.002,-774.863,66.117,-766.615,49.707,-757.129,30.870,-745.673,16.544,-737.581,7.365,-731.625,-1.984,-726.748,-9.980,-719.742,-26.998,-704.173,-39.154,-692.765,-50.093,-680.676,-58.893,-669.701,-67.661,-658.740,-74.611,-648.503,-80.070,-637.993,-85.389,-627.541,-90.709,-617.075,-96.053,-606.385,-101.461,-595.068,-107.084,-581.695,-112.839,-567.045,-118.454,-553.747,-124.164,-539.533,-129.944,-524.648,-135.798,-509.048,-141.993,-492.147,-149.514,-473.114,-155.457,-458.166,-160.972,-445.807,-165.989,-433.550,-170.300,-421.883,-176.073,-406.609,-181.908,-391.194,-187.726,-375.941,-194.169,-354.670,-201.508,-324.790,-208.596,-297.311,-217.612,-251.291,-231.551,-157.914,-238.322,-134.134,-244.985,-122.617,-250.647,-113.970,-258.561,-102.522,-264.499,-93.693,-271.348,-82.912,-279.059,-69.830,-287.585,-56.545,-296.022,-43.792,-303.573,-33.745,-312.301,-22.466,-320.501,-8.123,-326.843,4.286,-332.405,18.077,-336.414,38.709,-343.556,74.984,-353.768,136.266,-362.107,228.897,-363.571,283.280,-363.469,323.012,-362.166,351.200,-361.398,384.531,-361.030,421.712,-360.016,450.686,-361.234,486.412,-360.552,523.060,-360.365,562.099,-358.531,585.174,-355.797,599.590,-352.993,613.339,-350.404,629.143,-347.638,643.254,-344.835,657.006,-342.381,674.126,-339.555,687.653,-336.849,702.580,-333.058,716.639,-329.326,727.476,-325.682,737.589,-321.348,750.487,-316.218,765.172,-312.074,778.247,-306.096,796.797,-302.340,809.194,-298.288,821.891,-294.647,832.258,-291.329,841.080,-288.009,849.896,-284.169,859.751,-279.823,871.938,-275.479,883.212,-270.336,894.507,-260.276,913.095,-252.008,928.188,-245.612,940.803,-238.469,955.213,-229.691,972.936,-222.526,987.135,-212.907,1003.712,-197.206,1027.762,-184.243,1047.002,-175.298,1058.193,-163.675,1069.740,-149.182,1082.910,-136.936,1092.191,-126.629,1099.414,-113.065,1107.091,-100.130,1114.025,-86.955,1120.003,-73.341,1125.651,-59.122,1131.362,-44.879,1137.075,-29.350,1142.919,-14.294,1148.228,1.912,1153.011,22.431,1159.630,43.714,1182.691,58.566,1195.831,70.800,1192.634,84.211,1187.333,136.730,1181.572,165.018,1184.072,183.133,1183.534,200.317,1183.743,224.683,1182.800,244.537,1181.847,270.759,1180.490,288.968,1179.401,298.247,1176.468,309.556,1173.411,319.867,1169.991,332.591,1165.676,343.794,1161.199,354.653,1157.258,366.755,1152.465,377.792,1149.272,389.469,1144.881,400.835,1138.368,417.318,1123.726,428.830,1113.085,437.113,1105.129,445.767,1096.382,454.048,1086.637,462.514,1075.936,471.824,1064.545,480.024,1054.055,489.429,1042.587,499.438,1030.629,508.789,1019.204,518.416,1007.294,529.718,993.134,537.651,982.476,546.572,970.259,554.225,960.124,562.299,949.736,571.290,938.605,582.196,925.919,594.975,911.647,601.875,901.067,607.080,891.751,612.280,882.437,617.551,872.453,622.951,862.220,630.002,847.677,637.499,829.679,644.286,810.275,650.030,795.762,655.973,779.312,662.040,761.657,668.466,740.554,674.664,721.647,681.516,696.442,688.972,665.611,695.982,642.227,701.840,619.996,707.277,595.748,714.043,571.015,721.022,544.180,729.121,484.451,734.786,428.571,736.313,413.824,739.344,367.788,743.490,337.091,744.980,323.703,751.327,250.732,755.405,174.885,755.079,154.734,753.569,137.217,753.307,115.167,752.172,82.473,751.433,48.801,749.168,29.881,746.925,10.735,744.470,-6.363,741.637,-19.811,739.208,-32.576,741.205,-69.705,749.653,-124.257,754.352,-150.121,759.131,-178.051,771.468,-306.364,780.741,-431.633,782.344,-487.769,781.112,-516.637,779.348,-540.290,778.223,-558.412,775.421,-569.577,768.748,-586.741,763.838,-600.834,759.137,-611.823,752.982,-624.129,745.632,-637.909,738.934,-650.878,729.891,-665.608,711.491,-687.959,697.042,-701.683,685.053,-711.347,670.586,-721.758,661.265,-727.502,652.061,-732.692,643.033,-737.881,631.708,-744.236,620.193,-750.541,607.642,-757.407,587.489,-763.912,549.149,-771.912,531.461,-775.503,497.997,-781.681,449.394,-787.995,423.047,-790.037,403.722,-793.510,379.313,-798.821,369.976,-800.347,361.608,-801.293,353.175,-802.051,342.123,-803.026,331.535,-804.324,321.812,-805.018,294.318,-806.882,273.542,-810.149
210.655,-492.288,190.504,-491.147,174.373,-489.396,160.247,-487.449,148.220,-485.298,134.506,-483.311,120.277,-481.374,105.364,-479.504,91.365,-477.545,81.764,-475.157,73.205,-472.667,64.662,-470.176,56.614,-467.637,46.667,-465.281,35.912,-462.492,24.509,-459.170,14.692,-456.773,6.610,-454.237,-1.938,-451.747,-10.492,-449.256,-19.354,-446.730,-32.183,-442.824,-45.031,-438.805,-57.082,-435.559,-64.304,-432.846,-74.231,-428.616,-83.954,-424.237,-94.806,-418.344,-106.773,-411.506,-122.851,-398.965,-138.450,-383.286,-163.087,-361.881,-189.307,-338.392,-204.288,-323.048,-208.620,-316.456,-212.555,-310.192,-216.588,-303.846,-221.967,-296.394,-226.985,-289.240,-234.149,-280.319,-239.522,-272.872,-245.027,-265.317,-250.772,-257.564,-257.145,-249.269,-262.456,-240.875,-266.487,-233.739,-270.543,-226.228,-274.660,-219.412,-281.090,-208.593,-286.524,-198.426,-290.560,-191.233,-294.624,-183.705,-299.532,-175.182,-304.708,-165.269,-308.816,-157.330,-312.990,-148.608,-318.785,-123.257,-324.566,-98.043,-331.531,-57.502,-336.005,-18.510,-340.885,1.026,-345.286,12.075,-353.283,60.019,-359.729,95.717,-361.560,128.456,-360.437,150.872,-359.020,170.431,-358.485,195.109,-361.836,214.621,-369.168,247.180,-378.285,320.791,-377.497,343.679,-375.686,359.196,-373.414,372.034,-370.055,385.266,-367.692,396.456,-366.954,422.991,-368.523,473.176,-366.770,489.294,-364.961,504.833,-363.292,521.815,-360.977,532.287,-357.476,540.289,-354.216,547.936,-351.350,555.178,-346.764,565.863,-343.245,573.802,-335.542,581.882,-326.823,590.604,-313.165,604.636,-300.485,620.753,-296.198,629.611,-289.040,642.500,-277.678,658.045,-265.792,672.512,-254.128,685.321,-234.615,706.600,-227.833,714.587,-213.316,729.327,-197.675,743.197,-190.837,747.564,-183.616,752.663,-176.707,757.269,-167.175,763.708,-158.708,770.069,-149.999,776.854,-138.511,785.667,-129.875,791.458,-120.074,797.864,-110.681,803.767,-102.317,809.214,-94.818,813.687,-85.233,819.184,-78.405,823.265,-67.579,828.811,-55.492,834.937,-42.552,840.006,-30.065,844.548,-0.263,850.777,24.377,856.429,34.662,858.897,45.077,861.481,71.093,866.890,113.841,873.827,129.723,876.853,145.862,881.667,161.352,886.501,178.424,891.390,209.748,894.364,244.944,894.556,272.185,893.888,288.086,892.114,318.304,891.736,340.559,890.774,353.438,890.031,371.578,888.613,392.243,887.303,408.608,885.575,424.256,883.776,440.413,882.028,456.215,880.183,467.663,876.718,474.956,873.767,482.517,870.578,492.062,865.757,501.330,861.164,510.737,856.667,525.976,848.371,550.309,831.024,567.196,815.485,579.210,802.582,587.627,792.408,593.494,783.146,598.375,776.307,604.390,770.103,617.578,758.122,622.599,750.992,626.535,744.724,630.531,737.837,634.632,729.857,638.824,721.160,644.126,711.737,648.866,703.092,652.909,695.736,657.037,687.481,661.163,679.254,665.320,670.709,669.300,663.982,673.657,653.375,678.292,639.932,682.833,627.443,687.792,610.667,692.456,596.922,697.619,578.047,703.271,554.165,709.167,527.779,714.885,503.218,720.454,480.191,727.452,442.497,733.215,417.471,738.832,393.947,744.835,366.460,749.675,350.903,755.361,325.792,763.274,245.252,764.117,204.428,771.375,129.802,777.577,98.354,779.981,73.404,779.018,50.098,783.798,-33.035,782.660,-55.460,780.670,-69.143,778.770,-83.753,776.526,-94.827,774.051,-103.530,771.549,-112.528,768.236,-125.239,765.569,-135.787,763.179,-145.369,760.759,-154.648,758.269,-163.195,755.634,-170.884,751.861,-179.161,748.907,-186.436,745.647,-194.055,738.198,-204.598,729.864,-214.688,705.697,-242.929,689.402,-259.040,679.955,-265.416,670.510,-272.888,660.288,-281.636,637.296,-305.832,621.819,-319.439,613.218,-323.716,604.345,-327.905,596.671,-332.489,585.470,-339.814,577.621,-345.373,570.432,-349.746,562.287,-355.685,553.378,-361.764,544.772,-367.497,535.348,-371.980,524.534,-376.358,515.670,-380.546,505.112,-384.899,495.586,-389.152,487.012,-393.311,478.567,-397.458,470.626,-401.556,461.318,-405.787,452.770,-409.944,446.412,-413.888,439.012,-417.933,431.135,-422.025,424.008,-426.043,416.488,-430.100,409.046,-434.149,402.042,-438.446,392.708,-446.112,383.809,-453.248,373.404,-460.649,351.324,-466.327,315.751,-473.118,296.938,-478.276,281.412,-483.113,257.684,-488.531
133.960,-614.011,115.835,-611.509,96.446,-608.809,79.055,-605.979,63.952,-604.020,49.338,-601.202,33.590,-598.120,18.759,-594.940,4.535,-591.695,-7.916,-588.264,-19.954,-584.789,-32.819,-581.401,-45.400,-577.761,-60.772,-572.027,-74.114,-565.941,-89.203,-559.178,-102.347,-552.983,-114.149,-545.883,-132.721,-532.502,-164.223,-508.410,-202.710,-474.381,-220.129,-457.158,-228.060,-447.082,-238.155,-433.520,-248.279,-419.867,-256.206,-408.877,-263.968,-398.260,-271.419,-386.924,-279.701,-374.984,-287.857,-362.692,-296.008,-350.739,-303.032,-339.515,-311.465,-324.083,-318.732,-310.402,-326.570,-295.705,-333.986,-282.962,-341.559,-268.779,-349.364,-254.350,-355.815,-242.379,-361.668,-231.886,-367.503,-221.554,-373.364,-210.967,-379.173,-200.881,-384.988,-190.806,-391.720,-178.403,-398.814,-165.125,-404.756,-154.003,-410.656,-143.051,-416.412,-133.595,-423.339,-120.864,-430.085,-109.415,-435.946,-98.953,-442.037,-88.129,-449.517,-74.288,-455.867,-60.766,-462.261,-45.131,-468.515,-30.820,-474.928,-15.012,-481.733,4.525,-489.086,30.053,-499.359,116.910,-506.301,211.903,-518.712,321.269,-521.867,368.248,-521.453,407.997,-518.865,428.441,-516.234,448.479,-513.395,466.552,-510.736,486.318,-508.238,507.617,-506.069,532.037,-502.801,546.038,-499.491,559.639,-496.114,572.993,-492.002,589.152,-488.184,603.086,-484.567,613.967,-479.845,626.032,-474.648,640.314,-470.885,650.510,-467.179,660.395,-462.741,671.184,-455.035,686.011,-447.294,700.883,-439.939,715.280,-434.519,728.088,-428.393,744.115,-422.820,757.846,-418.270,767.766,-400.451,789.413,-381.698,810.381,-363.600,828.075,-352.676,838.404,-337.468,852.153,-324.554,862.809,-313.584,871.061,-303.190,878.600,-291.431,887.181,-276.052,897.640,-263.441,904.467,-252.869,910.330,-242.075,916.213,-231.526,922.083,-218.015,929.043,-204.011,936.107,-191.875,942.147,-179.306,948.206,-162.402,953.977,-145.394,959.399,-128.997,963.948,-115.345,967.709,-96.870,972.919,-70.435,978.924,67.343,995.111,142.331,1001.726,171.974,1000.543,192.594,997.975,212.486,995.553,227.709,994.379,241.428,992.582,254.996,989.724,269.414,986.503,283.589,983.253,298.476,980.075,315.007,976.516,331.497,972.312,347.399,967.935,360.949,964.371,372.996,960.826,385.759,955.946,398.752,949.764,409.778,945.207,424.353,938.786,438.817,931.720,451.238,925.963,462.862,920.849,475.535,914.824,493.048,903.331,513.662,887.802,542.713,861.799,561.552,844.076,590.118,818.925,617.393,792.919,632.091,776.735,645.525,761.596,656.649,749.510,663.227,741.656,669.790,733.515,678.142,722.515,687.004,710.898,695.794,698.217,706.134,684.218,714.008,673.324,721.869,662.609,730.843,649.997,739.779,638.095,746.721,628.185,754.567,617.544,761.584,607.572,769.414,596.283,777.243,583.192,784.326,571.651,790.265,560.731,796.124,550.168,801.973,539.697,807.897,528.519,813.958,516.045,819.952,504.202,826.017,491.686,832.094,479.048,838.154,466.581,844.154,454.678,850.123,443.075,856.173,430.704,862.274,418.114,869.596,403.004,876.845,385.340,884.296,359.741,893.336,318.866,902.298,264.766,907.059,209.187,908.838,150.069,907.793,115.000,905.917,87.805,903.730,63.556,900.663,47.649,897.635,31.376,895.384,7.730,893.087,-15.472,889.906,-30.296,886.538,-43.346,883.728,-61.692,882.286,-92.998,880.438,-120.462,877.719,-139.665,874.887,-157.801,871.983,-175.255,868.943,-191.573,864.309,-204.402,858.882,-219.575,854.105,-232.421,849.689,-247.272,846.215,-263.753,842.963,-277.931,839.622,-291.232,836.157,-303.369,832.613,-314.772,828.247,-326.611,819.229,-343.776,808.895,-361.857,795.565,-382.947,779.167,-404.053,764.790,-420.334,749.454,-432.685,734.054,-441.186,722.058,-450.850,706.681,-464.589,693.036,-474.514,682.897,-481.542,669.835,-489.830,653.548,-499.761,638.337,-506.868,624.679,-513.057,604.331,-519.909,585.821,-525.014,569.559,-528.352,555.610,-531.436,527.246,-537.750,504.352,-542.358,487.027,-546.313,469.025,-552.502,450.652,-559.180,427.919,-565.837,411.034,-570.214,389.751,-575.191,349.565,-583.846,303.855,-593.168,277.625,-598.750,262.483,-602.305,240.930,-604.840,220.931,-606.603,211.192,-607.837,201.781,-608.576,192.409,-609.686,183.025,-610.687,173.625,-611.541,164.270,-612.816,154.891,-613.861,146.151,-614.695
82.134,-498.009,69.450,-497.469,59.318,-497.134,52.382,-495.558,43.293,-493.120,31.049,-489.843,13.974,-487.082,3.519,-484.078,-5.170,-479.205,-13.390,-474.273,-21.476,-469.474,-28.243,-465.994,-34.817,-462.707,-41.407,-459.404,-50.398,-453.700,-66.052,-441.333,-81.102,-429.515,-90.554,-421.155,-99.661,-413.357,-113.061,-401.711,-129.326,-387.360,-139.164,-379.019,-150.019,-374.995,-161.668,-378.065,-177.327,-379.867,-187.359,-377.070,-194.802,-373.804,-205.989,-371.988,-221.836,-369.398,-234.157,-362.949,-247.484,-352.933,-257.899,-344.457,-264.295,-335.239,-268.201,-326.591,-271.490,-316.548,-274.790,-308.302,-279.282,-298.062,-282.064,-275.160,-279.058,-253.064,-275.771,-242.512,-272.484,-235.829,-269.045,-228.019,-260.036,-220.814,-253.611,-211.170,-256.506,-195.691,-259.793,-180.121,-262.665,-153.561,-263.306,-138.274,-266.354,-124.730,-269.641,-112.151,-272.928,-99.175,-276.215,-71.128,-279.163,-16.492,-279.525,5.130,-280.372,49.016,-283.588,90.400,-286.875,112.993,-290.162,125.886,-293.449,144.015,-296.736,168.682,-299.932,199.750,-299.903,235.998,-296.791,250.471,-296.774,271.271,-299.970,298.353,-303.176,330.437,-303.443,361.261,-302.230,378.447,-299.258,398.275,-295.971,415.774,-292.684,437.654,-289.397,467.858,-286.584,489.509,-285.199,501.524,-282.011,525.826,-278.723,554.095,-275.436,573.971,-272.149,585.516,-268.834,597.759,-264.450,609.556,-260.288,619.090,-254.649,632.301,-250.765,640.869,-247.476,647.461,-243.887,655.001,-239.020,664.128,-233.779,673.411,-226.763,686.021,-221.700,694.622,-216.513,703.725,-211.067,713.462,-205.084,722.729,-194.433,735.218,-184.946,746.987,-177.723,757.494,-168.649,769.854,-160.329,780.948,-143.471,795.922,-128.857,806.245,-117.114,813.074,-108.229,818.023,-100.488,822.462,-91.091,827.603,-82.399,832.331,-73.570,836.914,-65.786,840.515,-57.871,843.804,-49.729,847.614,-41.347,851.999,-33.614,855.314,-25.003,858.399,-18.292,860.363,-10.611,863.525,-1.067,866.812,8.167,870.100,17.329,873.387,28.118,876.674,40.073,879.961,50.950,883.248,62.615,886.535,74.432,889.822,84.966,893.101,96.607,895.389,106.157,896.383,133.455,897.246,166.480,895.890,178.124,895.130,202.748,893.599,290.158,891.463,337.966,888.192,347.528,885.681,355.029,883.252,364.831,879.974,375.260,876.687,384.564,873.400,395.608,870.113,404.340,866.826,413.886,863.538,423.488,859.903,434.467,855.371,441.441,852.027,449.343,848.740,456.825,845.453,465.031,842.166,473.244,838.879,480.789,835.591,488.366,831.979,498.238,826.337,504.660,821.715,514.927,813.787,529.794,802.202,548.306,785.966,560.300,771.587,579.607,748.995,590.216,735.099,597.402,724.626,609.171,709.570,619.497,695.956,623.653,688.514,627.960,680.919,633.112,672.480,638.361,663.944,641.741,657.210,645.269,648.352,650.850,633.653,654.898,622.365,658.189,611.769,661.476,603.150,664.763,592.544,668.050,579.449,671.338,566.302,674.625,553.609,677.892,540.436,679.710,529.191,682.017,498.656,685.298,469.702,688.585,442.566,691.872,417.188,695.159,402.520,698.446,381.961,701.633,339.645,701.503,279.194,698.294,243.937,695.006,157.972,691.719,101.168,688.432,76.118,685.147,51.641,682.706,19.754,681.782,-40.219,678.584,-77.413,675.297,-92.120,672.010,-113.919,668.723,-141.465,665.436,-167.035,662.149,-180.922,658.868,-195.025,656.331,-214.729,653.928,-230.960,650.651,-241.899,647.364,-252.475,644.077,-262.353,640.790,-272.812,637.474,-282.182,633.061,-291.424,628.131,-299.851,622.905,-308.365,617.767,-316.790,611.758,-326.085,597.424,-343.318,587.821,-353.329,572.082,-368.540,554.774,-382.885,547.844,-388.124,531.871,-400.239,520.044,-408.460,506.521,-417.373,496.288,-424.073,484.849,-432.152,472.521,-439.871,463.884,-444.964,454.064,-450.909,444.180,-456.462,435.365,-461.395,426.328,-466.091,418.782,-469.700,408.237,-474.540,397.800,-479.471,387.090,-484.178,378.735,-487.577,368.212,-492.033,354.612,-496.732,347.227,-497.081,340.652,-497.088,334.078,-497.032,327.503,-496.972,320.929,-496.995,314.355,-497.066,307.781,-497.084,301.101,-497.069,291.339,-497.554,264.258,-498.834,241.010,-498.891,230.550,-498.737,187.791,-498.828,168.130,-498.733,160.875,-499.022,129.270,-499.067,98.701,-499.029,92.333,-498.874
274.441,-672.243,250.222,-670.698,231.560,-668.348,216.412,-665.657,206.500,-662.453,196.047,-658.892,182.945,-654.076,168.922,-648.844,154.589,-643.330,142.067,-638.090,130.661,-633.892,116.528,-627.681,103.960,-621.197,90.499,-613.507,74.418,-600.859,50.381,-581.119,39.314,-573.450,25.229,-563.424,9.649,-552.958,-11.059,-536.626,-24.736,-525.202,-35.876,-513.856,-42.698,-503.346,-52.558,-491.181,-61.919,-479.684,-71.718,-467.828,-82.106,-455.487,-91.358,-444.080,-102.021,-431.513,-110.266,-420.935,-120.082,-409.064,-128.910,-398.006,-138.338,-386.454,-147.526,-375.087,-156.943,-362.743,-165.571,-351.159,-172.848,-341.368,-181.604,-330.087,-191.330,-314.758,-198.728,-301.318,-204.985,-288.690,-213.149,-277.137,-219.837,-267.832,-226.583,-258.486,-233.077,-249.347,-238.514,-240.778,-245.116,-228.450,-250.552,-216.190,-255.838,-204.717,-261.182,-192.657,-266.818,-177.618,-273.575,-154.993,-280.280,-141.429,-285.769,-129.277,-292.577,-114.832,-298.464,-100.848,-303.808,-88.798,-309.332,-75.800,-316.638,-63.681,-323.581,-48.138,-329.564,-29.700,-335.106,-15.604,-340.515,-2.880,-346.094,11.583,-353.047,40.155,-359.059,59.061,-364.865,75.860,-370.543,91.348,-376.004,104.606,-381.599,119.243,-387.098,132.891,-392.538,146.173,-395.773,159.413,-394.389,181.216,-393.089,210.634,-391.236,234.377,-390.461,263.273,-394.307,307.437,-395.336,341.393,-395.837,369.385,-394.284,394.281,-391.374,407.195,-388.191,417.299,-384.912,426.428,-381.588,435.091,-378.264,443.752,-374.940,452.415,-371.685,461.784,-368.903,476.010,-366.264,491.698,-363.946,510.686,-361.793,531.362,-358.947,544.934,-355.679,554.172,-352.098,563.867,-347.160,577.047,-340.661,591.720,-334.048,604.467,-326.708,618.006,-319.898,629.897,-312.406,641.918,-300.739,660.686,-292.110,675.798,-287.331,686.463,-280.120,702.409,-272.903,716.685,-266.935,728.564,-259.541,741.512,-252.010,750.706,-241.727,764.008,-230.540,781.883,-207.129,810.076,-188.888,830.075,-179.275,841.793,-166.450,856.773,-142.545,883.014,-124.638,902.261,-105.785,924.863,-91.837,937.711,-79.534,945.288,-67.605,954.238,-51.317,967.010,-34.276,980.708,-18.119,994.089,-0.857,1006.451,11.110,1011.968,24.803,1017.753,40.512,1024.718,53.129,1030.229,64.895,1035.545,77.090,1040.902,88.835,1046.216,100.849,1051.555,113.642,1056.971,140.573,1063.661,182.912,1069.266,196.116,1070.507,210.399,1072.820,240.130,1079.349,262.154,1085.027,281.183,1085.947,297.233,1083.567,309.894,1080.631,322.578,1076.581,339.858,1066.604,371.736,1042.719,389.480,1026.611,404.801,1013.622,431.332,995.835,445.249,989.141,456.134,984.798,465.474,978.847,486.531,963.400,500.042,949.270,506.206,940.405,513.505,930.604,522.458,919.443,531.216,908.437,541.845,895.243,552.402,881.926,560.468,871.480,568.614,860.983,576.889,850.379,585.435,839.553,592.747,829.742,601.357,818.863,611.103,806.887,618.049,797.720,624.331,788.789,631.821,776.623,637.048,767.232,642.036,758.839,647.320,750.126,653.884,738.725,659.980,728.609,666.098,718.245,674.001,693.122,682.099,655.519,688.524,632.415,694.863,615.756,701.772,598.655,708.533,572.440,713.955,559.586,718.897,551.643,724.013,541.922,729.309,530.362,734.481,520.067,739.751,508.764,745.099,496.671,750.902,479.898,757.560,454.360,764.471,426.229,771.358,397.130,779.654,330.284,786.826,289.882,790.588,265.560,793.691,221.819,799.614,182.214,802.670,137.580,811.091,8.870,812.464,-47.980,812.073,-86.732,810.404,-112.370,808.140,-131.914,805.203,-144.540,802.150,-155.999,798.811,-168.770,795.010,-184.714,792.028,-197.476,788.977,-208.933,785.919,-220.330,782.875,-231.865,779.961,-244.829,776.171,-258.782,771.567,-276.634,768.256,-289.497,763.481,-303.543,755.822,-322.919,745.567,-342.373,739.996,-355.436,735.565,-369.498,729.910,-385.151,719.492,-403.674,712.858,-414.321,705.730,-425.915,693.905,-440.647,659.294,-485.163,635.395,-513.384,622.571,-524.476,612.096,-533.492,598.575,-545.288,583.408,-557.827,571.007,-567.422,556.737,-578.763,545.421,-587.792,533.782,-596.519,521.302,-604.131,511.868,-609.320,503.868,-614.268,494.846,-619.316,485.836,-624.359,474.116,-629.053,462.556,-633.334,447.413,-638.953,430.356,-644.724,389.384,-651.681,343.050,-659.684,326.764,-663.467,301.060,-669.649
33.223,-691.964,-4.074,-691.584,-18.729,-688.471,-30.130,-685.236,-41.923,-680.429,-57.911,-669.996,-70.640,-657.363,-80.982,-647.652,-89.360,-639.905,-101.728,-626.708,-110.646,-616.046,-118.820,-605.982,-125.720,-596.934,-135.453,-584.926,-144.818,-573.111,-151.939,-563.788,-159.023,-553.443,-164.020,-545.640,-172.256,-533.525,-179.258,-521.830,-185.475,-512.133,-191.838,-503.243,-198.160,-492.619,-204.507,-482.672,-215.468,-465.778,-224.178,-451.681,-229.056,-443.190,-233.721,-435.939,-238.386,-428.695,-243.380,-421.178,-249.649,-411.682,-256.342,-399.899,-264.025,-388.368,-269.870,-378.635,-274.569,-371.135,-279.236,-363.881,-284.492,-355.433,-290.632,-345.315,-295.848,-335.948,-302.289,-324.170,-307.103,-316.506,-311.826,-308.724,-316.610,-300.386,-321.384,-292.136,-326.130,-284.143,-330.933,-275.627,-335.663,-267.783,-340.532,-258.667,-345.628,-247.458,-351.067,-233.104,-357.631,-208.411,-365.342,-173.183,-374.330,-126.230,-386.341,-51.503,-397.030,11.069,-404.748,46.361,-419.697,148.069,-431.624,222.026,-442.709,291.117,-446.590,317.471,-451.781,366.248,-459.190,433.567,-460.007,457.297,-459.980,491.724,-459.908,526.662,-459.320,556.858,-458.413,584.130,-457.662,612.839,-456.740,639.967,-455.368,662.968,-453.601,682.334,-451.232,696.184,-448.371,705.894,-444.726,718.709,-441.503,728.906,-438.702,738.789,-435.823,747.948,-432.943,757.096,-429.988,765.921,-426.215,777.378,-422.915,787.069,-420.049,796.362,-417.094,804.819,-414.090,812.980,-410.529,824.443,-406.747,836.285,-402.460,846.034,-396.977,856.778,-392.082,865.022,-384.129,877.176,-368.813,892.697,-354.360,906.334,-340.135,919.686,-327.561,930.982,-314.366,943.052,-302.346,953.659,-291.715,962.502,-283.255,967.458,-274.828,972.251,-265.734,977.117,-257.609,981.898,-247.653,987.831,-238.220,993.400,-228.845,998.302,-210.851,1004.137,-189.007,1010.391,-163.856,1017.005,-141.928,1023.269,-117.904,1029.727,-100.366,1034.025,-81.511,1038.631,-67.324,1040.902,-58.719,1042.362,-22.277,1048.730,30.046,1056.682,40.574,1057.549,49.438,1058.686,58.457,1059.912,73.706,1061.608,85.435,1062.629,93.269,1063.804,100.965,1064.320,108.684,1065.129,123.105,1066.812,148.342,1067.700,176.355,1068.550,202.203,1068.802,233.952,1068.492,273.366,1068.907,292.431,1067.106,303.892,1064.155,313.866,1060.007,323.744,1055.625,337.330,1049.309,351.464,1041.780,363.576,1035.339,377.048,1026.216,398.792,1011.082,417.890,996.904,443.133,977.338,456.153,965.158,473.408,949.267,496.288,927.401,512.046,911.241,525.715,896.761,538.841,882.717,546.285,873.239,553.339,864.076,560.949,854.464,568.251,845.101,574.087,836.915,578.829,829.602,586.035,819.627,593.395,809.119,598.878,799.983,605.752,789.542,614.995,776.259,623.082,764.484,628.904,755.889,634.257,748.089,640.103,739.339,645.149,728.816,650.139,718.675,656.093,707.516,663.699,693.934,670.685,681.991,675.507,673.877,680.308,665.374,685.046,657.457,690.150,646.174,695.270,634.751,700.308,624.074,705.448,612.467,710.474,601.900,715.571,590.687,720.829,577.996,726.346,562.921,731.699,549.352,737.277,535.624,743.874,522.755,748.975,512.763,753.870,503.412,758.828,493.469,764.206,479.670,770.111,461.039,775.859,443.843,781.525,427.400,787.773,405.613,796.347,362.460,806.532,304.382,813.905,259.062,823.865,186.182,837.926,92.236,844.358,55.797,849.480,26.446,855.520,-17.210,867.849,-130.228,882.363,-287.581,880.275,-303.943,877.037,-313.203,872.621,-324.933,867.612,-339.642,861.953,-352.318,855.191,-365.389,847.205,-379.904,833.151,-399.516,825.358,-409.255,812.738,-421.601,796.516,-437.440,783.700,-449.038,773.105,-457.872,762.598,-466.229,749.678,-476.546,740.679,-483.282,728.589,-492.127,714.999,-499.222,705.360,-503.856,694.634,-509.183,684.773,-514.173,673.786,-519.245,663.014,-524.294,653.078,-529.278,639.711,-535.703,625.131,-542.984,611.084,-549.600,598.207,-555.716,588.391,-560.670,577.956,-565.683,566.881,-571.129,551.720,-578.455,537.482,-585.016,521.226,-590.693,504.804,-596.364,486.334,-603.018,470.499,-608.844,456.077,-613.125,440.760,-616.691,418.686,-622.614,395.339,-628.929,379.272,-633.272,353.485,-639.350,328.001,-644.742,293.452,-652.296,263.965,-658.969,244.926,-662.955,221.942,-667.697,208.875,-669.684,175.915,-674.803,112.121,-684.227
404.734,-193.716,336.006,-199.032,316.466,-201.360,211.988,-210.400,126.189,-217.293,71.517,-220.747,24.600,-223.219,-13.040,-224.669,-41.205,-225.206,-59.655,-224.684,-73.416,-223.540,-87.247,-222.368,-103.924,-221.594,-118.727,-220.671,-132.786,-219.605,-145.507,-218.312,-156.276,-216.840,-165.918,-215.349,-175.673,-213.856,-184.132,-212.093,-191.668,-210.229,-198.145,-208.379,-204.763,-206.555,-212.002,-204.691,-217.799,-202.635,-223.275,-200.628,-230.457,-198.501,-238.735,-195.053,-246.066,-193.126,-253.568,-189.610,-259.499,-187.282,-265.557,-184.840,-273.960,-180.403,-282.392,-175.943,-290.914,-171.532,-304.055,-163.424,-321.701,-150.634,-326.611,-147.147,-334.943,-139.369,-342.541,-130.979,-347.755,-124.442,-353.285,-117.583,-357.309,-111.965,-362.190,-105.753,-367.235,-99.393,-370.950,-93.014,-374.158,-87.071,-377.408,-81.953,-380.888,-74.820,-384.301,-67.286,-387.690,-59.694,-391.344,-50.488,-394.933,-42.360,-398.577,-33.156,-401.968,-25.547,-405.583,-16.267,-409.371,-6.331,-413.147,3.644,-416.946,14.960,-420.923,27.893,-425.431,44.425,-430.436,65.410,-437.646,107.442,-442.304,134.134,-440.734,151.799,-442.069,187.293,-441.646,207.233,-440.708,223.184,-439.718,238.277,-438.776,252.910,-437.782,267.245,-436.496,280.028,-434.935,290.322,-433.384,299.467,-431.848,308.704,-430.066,316.731,-428.208,324.329,-426.307,330.716,-424.496,337.462,-422.480,342.938,-420.389,348.416,-418.259,353.989,-414.432,361.791,-410.199,370.077,-405.752,378.493,-402.715,385.151,-398.539,393.384,-387.584,410.020,-361.994,440.368,-345.889,457.589,-338.076,464.365,-331.253,469.849,-326.227,473.167,-319.882,477.831,-312.489,482.148,-307.558,485.245,-302.654,488.359,-297.496,491.621,-290.796,495.052,-285.859,498.152,-280.952,501.245,-275.860,504.474,-269.160,507.906,-264.151,511.060,-257.876,514.304,-250.390,517.750,-242.975,521.260,-234.863,524.802,-225.815,528.352,-214.853,532.134,-202.394,536.200,-190.411,540.213,-178.120,544.121,-162.570,548.386,-145.316,552.956,-125.187,557.866,-101.201,563.108,-68.009,569.316,-15.377,577.734,54.544,588.126,96.999,595.448,123.904,600.964,149.929,606.406,183.574,612.804,243.698,622.063,317.558,629.632,369.821,633.941,428.029,637.681,459.427,638.444,477.587,637.844,489.584,636.612,497.533,634.863,503.384,632.813,509.514,630.842,516.414,629.048,521.889,627.073,527.367,624.982,532.844,622.892,538.306,620.941,543.768,618.989,549.256,616.910,556.339,613.532,563.551,610.900,572.283,607.478,577.909,605.335,584.823,602.092,593.187,597.731,601.792,593.261,612.056,587.436,621.758,581.959,633.126,575.148,646.834,566.563,676.582,542.294,688.361,530.538,698.519,520.094,708.587,509.636,717.653,499.942,725.735,491.102,731.925,483.841,736.140,478.117,741.241,471.600,744.578,466.522,747.811,461.631,751.040,456.739,754.134,451.832,757.227,446.926,760.463,441.826,763.895,435.126,767.041,430.133,770.134,425.226,773.317,420.190,776.786,413.144,780.177,406.350,783.275,401.403,786.586,394.779,790.066,387.642,793.428,381.528,796.989,372.378,800.547,363.250,804.124,355.060,807.834,345.838,811.268,338.217,814.806,329.274,818.354,320.927,822.102,311.356,825.850,301.305,829.662,289.872,833.578,279.033,838.867,275.599,836.684,268.587,842.851,222.399,846.237,173.254,845.895,152.046,844.735,138.114,843.608,124.791,842.384,112.722,841.099,100.495,839.405,91.417,837.842,81.636,836.185,73.489,834.493,65.392,832.649,57.673,830.646,51.465,828.868,44.418,826.918,38.941,824.843,33.465,822.752,27.988,820.761,22.521,818.810,17.059,816.085,10.722,811.644,2.312,807.190,-6.175,800.820,-17.149,793.654,-28.319,789.107,-34.043,776.383,-49.119,767.621,-57.181,760.371,-63.355,754.800,-67.295,748.284,-72.396,743.314,-75.684,738.422,-78.917,733.393,-82.232,726.877,-87.332,721.841,-90.651,716.950,-93.883,711.987,-97.168,705.471,-102.269,699.867,-106.196,690.834,-112.538,684.733,-116.989,678.868,-120.203,672.793,-123.425,666.137,-126.815,660.142,-130.169,651.835,-133.697,644.235,-137.087,634.252,-140.797,626.124,-144.386,616.301,-148.127,606.071,-151.807,595.819,-155.500,583.822,-159.515,571.363,-163.581,557.511,-167.672,538.936,-172.270,516.392,-177.411,487.093,-183.331,445.827,-190.328
898.484,-308.548,879.830,-307.710,864.272,-306.357,848.606,-305.030,834.329,-303.559,819.809,-302.087,805.811,-300.604,791.103,-299.145,777.324,-297.627,762.074,-296.247,745.905,-294.968,730.958,-293.576,714.946,-292.260,695.262,-291.394,678.369,-290.179,658.663,-289.298,640.326,-288.259,621.270,-287.288,603.022,-286.260,584.101,-285.257,567.186,-284.087,551.142,-282.786,536.862,-281.310,522.619,-279.833,508.135,-278.359,495.705,-276.705,483.449,-274.979,469.888,-273.439,456.362,-271.870,442.376,-270.356,429.785,-268.706,414.384,-267.325,397.406,-266.166,377.113,-265.318,351.454,-265.085,305.468,-267.133,129.306,-286.922,-40.398,-306.209,-61.886,-309.357,-161.883,-317.373,-258.242,-324.820,-321.506,-328.653,-345.671,-328.242,-363.958,-327.212,-379.690,-325.865,-394.984,-324.523,-407.978,-322.885,-420.246,-321.196,-430.298,-319.259,-437.859,-317.039,-446.979,-315.020,-454.419,-312.771,-463.551,-310.756,-471.094,-308.532,-479.060,-306.370,-485.672,-304.065,-494.503,-301.977,-502.354,-299.822,-512.022,-296.443,-519.332,-293.470,-525.649,-291.118,-532.272,-288.522,-541.455,-283.883,-552.796,-277.475,-564.301,-270.980,-596.707,-246.779,-618.309,-227.074,-623.747,-219.968,-628.894,-213.079,-634.682,-204.269,-638.628,-196.837,-642.919,-184.988,-648.594,-160.758,-656.363,-117.066,-663.958,-74.957,-674.928,1.216,-684.205,90.680,-695.115,128.969,-700.326,139.581,-698.626,242.925,-705.705,336.288,-705.802,364.985,-705.787,392.959,-705.893,421.591,-704.864,440.223,-703.106,451.825,-701.271,462.848,-699.189,471.654,-697.055,479.742,-694.942,488.435,-692.781,496.192,-690.549,503.692,-688.388,511.637,-685.990,518.076,-680.824,527.882,-677.015,536.044,-666.375,551.411,-654.127,563.561,-646.621,569.507,-640.920,573.198,-635.255,576.833,-629.453,580.658,-620.696,586.477,-614.283,590.347,-608.557,593.985,-601.203,597.816,-595.152,601.510,-587.753,605.326,-579.730,609.253,-572.528,613.038,-563.903,617.021,-554.154,621.102,-543.907,625.242,-530.935,629.692,-519.163,633.977,-507.567,638.293,-495.870,642.571,-483.847,646.918,-470.489,651.396,-457.154,655.865,-444.360,660.303,-429.710,664.896,-415.140,669.532,-400.446,674.142,-385.122,678.841,-365.135,684.045,-340.723,689.710,-310.572,696.038,-277.964,702.581,-253.414,708.295,-230.071,713.850,-196.891,720.481,-122.260,731.624,30.868,751.256,368.391,790.955,513.946,809.764,621.087,824.438,686.861,834.601,758.795,843.599,790.129,844.084,806.818,842.893,818.049,841.056,824.710,838.766,831.024,836.415,837.341,834.066,844.678,830.909,861.932,818.550,869.419,809.931,873.138,803.797,877.075,795.350,881.044,786.695,884.931,778.889,888.747,771.467,892.740,762.843,896.688,754.158,900.671,745.515,904.637,736.852,908.573,728.446,912.364,721.577,916.292,713.066,920.086,706.283,924.015,697.831,927.805,690.903,931.737,682.605,935.524,675.523,939.460,667.379,943.251,660.117,947.167,652.154,951.001,644.632,954.869,636.927,958.846,628.281,962.800,619.602,966.793,610.974,970.740,602.287,974.770,593.217,978.917,582.873,983.096,572.253,987.317,561.410,991.449,551.029,995.764,539.442,999.907,529.005,1004.118,518.215,1008.413,506.565,1012.724,494.670,1017.156,481.934,1021.443,470.103,1025.826,457.863,1030.117,446.121,1034.598,432.783,1039.033,419.902,1043.465,406.826,1048.047,392.776,1052.649,378.045,1057.329,363.007,1062.243,345.583,1067.186,327.931,1072.136,310.365,1076.903,294.149,1081.801,277.185,1086.595,260.737,1091.458,243.962,1096.406,226.274,1101.521,206.987,1106.524,188.984,1111.295,172.698,1116.186,155.783,1121.129,138.019,1126.413,117.302,1132.396,85.178,1133.439,55.756,1132.082,40.115,1130.581,26.286,1128.940,13.311,1127.137,2.095,1125.304,-8.920,1123.405,-19.432,1121.548,-30.039,1119.560,-39.891,1117.731,-50.738,1115.701,-60.059,1113.684,-69.370,1111.646,-78.439,1109.413,-85.933,1107.254,-93.701,1105.139,-102.380,1103.006,-110.488,1100.845,-118.548,1098.634,-126.125,1096.431,-133.608,1094.135,-140.584,1092.127,-149.747,1089.889,-157.236,1087.852,-166.276,1085.613,-173.960,1082.108,-184.631,1078.909,-193.704,1075.415,-203.515,1071.026,-212.528,1066.040,-222.110,1062.226,-230.257,1048.529,-250.104,1030.956,-269.558,1023.159,-275.827,1016.187,-281.124,1008.641,-285.686,1001.744,-289.474,994.321,-293.311,985.171,-297.322,958.763,-303.097
-200.810,-595.457,-242.284,-590.996,-271.439,-586.194,-293.451,-581.380,-311.731,-576.558,-327.989,-571.733,-342.363,-566.904,-355.266,-562.073,-369.541,-557.244,-381.580,-552.407,-395.326,-546.830,-409.101,-540.676,-420.258,-535.373,-434.923,-528.282,-450.449,-520.818,-464.723,-513.114,-474.740,-508.049,-484.638,-503.033,-496.034,-496.525,-506.611,-490.833,-519.566,-482.771,-532.827,-474.404,-547.510,-464.621,-569.874,-446.439,-596.574,-417.493,-607.634,-401.647,-615.828,-388.636,-622.279,-377.363,-627.201,-367.613,-632.074,-357.911,-636.947,-347.822,-641.823,-336.507,-646.697,-325.827,-651.574,-313.695,-656.454,-299.745,-661.334,-286.168,-666.216,-271.295,-671.100,-255.602,-675.985,-238.706,-680.873,-220.943,-685.768,-198.584,-690.670,-173.012,-695.589,-137.838,-700.526,-93.215,-705.469,-44.777,-710.408,1.024,-715.351,50.182,-719.788,92.793,-721.047,110.163,-720.886,138.403,-722.239,187.581,-715.747,241.479,-710.912,297.604,-706.120,332.410,-701.315,359.318,-696.501,381.865,-691.687,404.249,-686.873,426.613,-682.059,448.796,-677.244,470.903,-672.429,492.838,-667.613,514.022,-662.796,534.796,-657.979,555.111,-653.160,575.205,-648.340,593.803,-643.516,611.104,-638.691,627.190,-633.860,640.108,-629.027,652.265,-624.195,665.061,-619.364,677.599,-614.532,690.171,-609.699,702.188,-604.856,711.995,-599.046,722.690,-590.609,736.021,-579.715,751.818,-565.958,770.491,-552.399,788.963,-537.870,808.407,-518.096,832.189,-507.660,843.138,-501.125,849.695,-487.470,862.379,-465.193,880.294,-448.254,892.432,-434.985,900.886,-424.070,906.978,-414.349,911.870,-404.648,916.742,-394.948,921.615,-385.247,926.487,-375.546,931.360,-365.845,936.233,-356.142,941.108,-345.762,946.662,-333.522,954.082,-320.952,961.835,-311.024,966.936,-301.320,971.809,-290.934,976.683,-278.387,981.561,-258.618,986.452,-212.061,991.330,-114.993,992.797,-32.733,988.440,5.680,983.656,37.047,978.858,68.441,974.061,107.107,969.276,150.349,964.501,188.092,959.715,216.392,954.912,241.746,950.103,266.697,945.294,288.441,940.479,310.915,935.665,330.440,930.846,349.466,926.026,368.435,921.205,385.461,916.382,400.581,911.554,414.808,906.726,428.488,901.896,440.509,897.063,453.468,892.232,465.631,887.399,477.777,882.566,489.941,877.726,503.369,872.029,517.356,865.988,529.536,861.132,541.645,856.299,552.343,851.464,563.876,846.630,575.696,841.797,587.033,836.962,597.598,832.127,608.983,827.293,618.990,822.456,629.779,817.266,642.480,810.808,652.377,805.831,663.165,799.929,674.391,793.590,686.401,786.470,698.818,778.944,713.067,769.593,727.642,759.917,741.543,750.913,756.692,740.665,774.569,727.699,798.701,708.498,867.702,643.049,937.181,570.795,953.419,553.190,966.732,537.712,984.467,516.091,998.349,497.416,1007.498,483.454,1014.079,472.052,1019.028,462.275,1023.954,452.520,1030.964,440.690,1037.848,428.985,1044.316,417.695,1052.299,404.895,1058.950,393.420,1065.874,381.007,1072.665,367.064,1077.686,354.779,1082.564,342.056,1087.446,327.633,1092.325,314.175,1097.205,300.608,1102.086,286.062,1106.968,271.506,1111.850,256.516,1116.736,239.540,1121.482,207.728,1121.623,98.907,1117.002,52.425,1112.185,31.288,1107.368,10.699,1102.560,-14.644,1097.749,-38.728,1092.930,-58.399,1088.104,-74.320,1083.272,-86.722,1078.438,-98.186,1073.604,-109.461,1068.768,-120.059,1063.812,-129.901,1055.082,-142.584,1023.290,-175.204,999.576,-198.627,940.043,-255.817,888.632,-304.720,872.479,-318.025,855.342,-331.369,840.844,-341.058,827.916,-349.170,816.352,-355.912,803.577,-363.871,793.004,-369.618,781.237,-376.565,769.123,-383.860,757.679,-390.482,745.916,-397.424,734.340,-404.179,723.728,-409.966,712.736,-416.134,702.923,-421.103,690.399,-427.627,676.215,-434.674,665.463,-439.890,654.668,-444.765,641.678,-449.644,625.798,-454.528,607.010,-459.417,588.405,-464.306,567.704,-469.199,546.775,-474.092,523.819,-478.988,500.577,-483.886,478.963,-488.780,458.426,-493.673,437.994,-498.565,418.712,-503.455,400.657,-508.343,378.660,-513.238,357.585,-518.131,335.841,-523.026,314.032,-527.921,293.017,-532.814,270.364,-537.710,248.417,-542.605,224.778,-547.503,202.202,-552.399,180.562,-557.294,156.708,-562.192,133.914,-567.089,110.214,-571.987,84.410,-576.889,56.249,-581.795,22.892,-586.711,-15.809,-591.637,-77.087,-596.286
459.078,-554.037,429.516,-554.006,403.045,-553.469,376.917,-555.181,332.243,-558.226,310.548,-559.499,284.952,-561.151,249.697,-563.693,189.715,-568.672,159.679,-569.753,145.724,-567.812,132.072,-565.828,118.422,-563.844,104.023,-561.941,89.758,-560.023,75.947,-558.057,62.695,-556.029,53.005,-553.614,41.185,-550.869,25.379,-547.938,14.435,-545.630,4.362,-543.173,-11.811,-538.962,-23.978,-535.855,-33.689,-533.442,-44.325,-531.130,-54.417,-528.744,-67.827,-525.640,-81.034,-523.539,-90.516,-522.255,-102.467,-520.103,-114.457,-517.016,-124.722,-513.828,-133.666,-511.326,-142.227,-508.790,-149.986,-506.034,-164.813,-498.471,-194.115,-478.065,-219.605,-458.261,-232.883,-444.606,-242.751,-433.544,-253.948,-421.414,-264.273,-409.985,-272.852,-399.959,-284.075,-387.735,-296.133,-365.021,-303.215,-342.442,-307.930,-330.960,-313.942,-307.252,-318.926,-273.350,-324.295,-243.177,-330.165,-198.593,-332.420,-151.884,-343.386,-65.318,-350.299,-33.450,-356.271,-7.769,-358.517,9.550,-359.410,17.885,-360.888,31.613,-364.450,64.534,-369.349,109.691,-371.834,143.156,-373.825,193.005,-376.588,250.375,-379.332,307.578,-381.822,362.444,-382.601,401.548,-382.564,433.136,-383.158,470.536,-383.950,509.458,-384.402,529.830,-381.556,540.655,-379.129,552.961,-376.937,564.694,-374.830,577.214,-372.685,589.386,-370.544,601.591,-368.336,613.180,-365.955,623.179,-363.399,634.900,-357.357,647.753,-350.110,660.667,-343.587,672.666,-336.206,685.734,-327.285,700.715,-313.393,721.877,-295.130,747.361,-276.578,767.715,-269.256,775.088,-258.440,785.405,-245.018,798.209,-234.688,807.166,-226.396,813.590,-217.107,821.252,-206.676,829.712,-194.747,838.685,-182.374,846.777,-172.854,852.269,-163.799,856.725,-155.217,861.123,-146.533,865.532,-137.481,869.983,-128.126,875.121,-117.246,880.856,-110.485,884.037,-103.358,888.181,-94.069,892.911,-86.265,897.270,-80.681,902.289,-72.330,904.273,-60.449,909.438,-49.961,915.020,-41.423,919.423,-32.686,923.838,-23.155,928.339,-11.017,932.895,-1.120,936.009,14.895,941.085,37.667,946.117,51.624,949.497,67.696,952.445,84.737,956.164,102.364,958.726,111.523,959.579,142.329,961.747,164.163,963.862,170.795,972.011,179.982,966.424,190.179,966.596,196.214,971.040,189.392,975.085,183.273,979.038,195.682,980.192,204.516,977.907,210.753,968.891,217.571,969.328,224.436,970.154,233.945,969.692,249.921,968.069,267.318,966.492,284.366,964.877,298.596,962.955,309.406,960.663,317.589,958.085,325.899,955.521,334.544,952.993,342.080,950.345,351.069,947.619,362.874,943.999,372.130,940.805,382.730,939.202,392.630,934.664,407.838,930.127,421.699,925.043,431.803,921.356,441.115,917.189,448.987,913.986,456.486,911.083,465.529,906.939,475.204,902.784,485.300,898.864,493.714,895.253,503.009,890.905,514.764,884.580,527.938,877.112,542.359,868.642,554.955,861.640,568.682,853.728,581.318,846.227,589.747,837.687,602.254,824.508,615.178,810.989,625.449,799.616,631.272,793.050,638.312,783.880,643.906,774.629,648.128,767.757,652.445,759.918,656.729,753.051,662.599,743.908,667.206,736.066,671.481,728.627,676.275,716.387,681.727,698.100,690.694,647.433,700.910,585.254,707.664,554.968,713.858,529.837,726.100,449.007,742.802,327.083,748.264,308.703,753.183,295.318,758.091,282.040,762.916,269.516,767.960,254.985,772.749,239.848,776.338,197.559,783.864,139.011,793.665,65.295,800.466,-24.882,800.385,-56.062,799.901,-83.534,799.074,-107.837,798.291,-132.559,797.089,-153.407,795.433,-170.079,793.924,-188.107,792.319,-205.258,790.639,-221.707,788.724,-235.997,786.643,-248.750,784.411,-260.119,782.428,-273.786,780.244,-285.595,777.574,-297.260,769.141,-308.947,758.592,-321.965,751.606,-331.034,746.895,-336.545,741.222,-343.935,732.385,-356.526,725.837,-368.533,721.359,-377.989,715.946,-388.470,706.652,-400.857,701.174,-408.921,687.220,-423.030,678.981,-432.153,667.759,-442.314,658.015,-450.544,649.083,-457.763,638.154,-467.466,626.915,-477.538,616.392,-485.508,607.716,-490.487,600.513,-494.735,593.079,-499.009,584.257,-503.954,571.046,-511.814,559.461,-518.363,549.496,-524.167,541.370,-529.048,534.196,-533.294,526.022,-537.647,518.369,-541.944,510.497,-546.265,498.800,-550.583,479.960,-552.579,472.883,-553.518
-51.967,-506.820,-202.695,-519.302,-229.070,-518.101,-248.166,-516.115,-262.985,-513.666,-275.896,-511.012,-288.333,-508.307,-300.769,-505.601,-313.205,-502.896,-325.641,-500.190,-338.082,-497.485,-351.380,-494.873,-365.042,-492.299,-376.836,-489.525,-387.810,-486.661,-398.688,-483.787,-408.775,-480.825,-419.701,-477.205,-432.142,-473.089,-442.512,-468.504,-453.718,-463.135,-468.138,-455.178,-486.787,-443.815,-537.302,-405.600,-569.212,-379.249,-590.111,-360.797,-601.671,-349.232,-614.481,-335.274,-623.405,-324.436,-630.514,-315.058,-637.558,-305.733,-643.088,-297.627,-649.413,-288.881,-655.126,-280.628,-659.995,-273.054,-664.860,-265.483,-669.727,-257.891,-674.734,-249.007,-679.683,-240.659,-684.666,-232.000,-689.656,-223.273,-694.718,-213.881,-699.872,-203.628,-704.991,-193.708,-710.310,-181.937,-716.035,-166.399,-722.383,-145.040,-730.797,-89.551,-740.327,30.264,-743.040,91.853,-748.354,123.547,-746.292,127.102,-743.104,146.639,-742.603,179.619,-741.665,208.422,-740.313,233.397,-738.613,255.148,-736.426,272.391,-734.126,288.586,-731.531,302.046,-728.826,314.483,-726.029,326.078,-723.103,336.469,-720.068,345.850,-717.085,355.717,-713.952,364.190,-710.814,372.624,-707.677,381.059,-704.489,389.556,-699.968,399.709,-695.973,409.373,-690.042,423.210,-684.522,434.895,-678.515,446.894,-671.817,459.750,-665.821,471.736,-657.123,487.077,-646.423,504.904,-629.797,530.019,-616.749,547.982,-607.411,559.603,-598.216,570.832,-566.460,606.760,-543.085,631.256,-525.106,649.048,-511.084,661.926,-498.960,672.447,-487.799,681.462,-473.807,692.371,-464.365,699.412,-455.283,705.992,-444.239,713.237,-434.831,719.276,-424.324,726.184,-415.067,731.364,-406.957,736.287,-398.005,741.301,-389.459,746.272,-378.999,751.449,-369.319,756.542,-359.626,761.636,-348.272,766.909,-336.700,772.207,-325.074,777.510,-311.920,782.977,-297.913,788.537,-282.051,794.297,-264.782,800.210,-246.543,806.226,-225.992,812.493,-202.554,819.071,-175.116,826.081,-145.014,833.378,-110.435,841.159,-67.019,849.881,45.025,864.130,314.579,893.091,415.839,900.509,464.330,901.696,535.274,905.306,573.881,905.426,592.149,903.350,606.146,900.813,618.598,898.109,630.514,895.347,640.990,892.430,651.409,889.507,660.549,886.446,668.986,883.308,677.421,880.171,685.855,877.033,694.290,873.896,702.724,870.758,711.159,867.621,719.838,864.324,732.634,858.997,744.121,853.965,754.764,849.051,765.415,844.128,776.111,839.170,788.365,832.958,799.719,827.469,811.800,821.396,824.665,814.691,837.728,807.827,852.493,799.594,868.099,790.652,910.015,757.766,952.351,721.919,983.279,695.319,1002.601,678.356,1015.657,666.641,1026.658,656.293,1042.106,641.192,1052.712,629.004,1058.970,620.312,1063.844,612.733,1068.738,604.902,1073.811,595.403,1078.987,584.952,1084.100,575.086,1089.458,562.950,1094.969,549.394,1100.488,535.771,1106.119,521.104,1111.842,505.584,1117.964,486.375,1124.391,464.334,1131.643,434.649,1142.298,372.700,1152.269,282.708,1157.518,197.645,1156.566,168.967,1154.498,150.623,1152.011,136.161,1149.320,123.594,1146.437,112.802,1143.560,101.954,1140.434,93.415,1137.296,84.980,1134.159,76.546,1131.021,68.111,1127.655,59.393,1122.808,48.835,1117.869,38.163,1112.927,27.487,1107.365,16.040,1102.154,5.030,1095.721,-7.497,1087.251,-22.542,1064.131,-53.730,1050.278,-69.892,1037.248,-81.920,1025.814,-91.584,1015.647,-99.674,1005.486,-107.756,994.670,-116.652,985.240,-123.827,975.861,-130.938,965.737,-138.974,956.891,-145.393,945.757,-153.158,935.434,-160.612,926.596,-167.048,918.995,-171.950,911.071,-177.255,902.037,-183.937,894.404,-188.879,886.648,-193.975,877.553,-200.734,869.015,-206.800,859.685,-213.849,850.877,-220.251,841.313,-227.593,830.170,-236.894,817.762,-247.768,806.033,-257.797,793.782,-268.476,780.705,-280.180,767.925,-291.514,756.843,-300.741,746.644,-308.871,737.048,-316.251,728.207,-322.695,720.605,-327.598,713.035,-332.463,705.463,-337.328,697.225,-342.266,688.250,-347.282,680.164,-352.203,671.002,-357.240,661.743,-362.287,651.472,-367.444,640.760,-372.648,629.193,-377.945,617.621,-383.242,605.975,-388.547,592.746,-394.023,580.180,-399.428,565.110,-405.102,549.129,-410.875,529.956,-416.993,505.703,-423.659,475.606,-430.956,439.188,-438.935,397.716,-447.460,347.211,-456.959,287.300,-467.474,201.723,-480.500
179.645,-228.632,93.054,-226.369,18.874,-223.993,-22.924,-221.489,-50.617,-218.863,-71.994,-216.259,-91.020,-213.749,-106.976,-211.207,-122.171,-208.550,-135.362,-205.901,-148.682,-203.377,-160.378,-200.849,-170.503,-198.181,-178.586,-195.508,-185.543,-192.954,-192.356,-190.414,-199.986,-187.766,-205.553,-185.086,-210.809,-182.504,-216.090,-179.960,-223.918,-176.510,-230.813,-172.549,-236.223,-169.789,-244.764,-163.975,-259.291,-152.140,-267.535,-144.900,-273.377,-140.203,-292.468,-123.735,-306.585,-109.896,-315.233,-98.766,-317.966,-93.474,-320.535,-88.231,-323.114,-82.943,-325.824,-75.879,-328.531,-70.382,-331.104,-65.139,-333.673,-59.867,-336.368,-52.827,-339.074,-47.290,-341.672,-42.046,-344.242,-36.777,-346.911,-29.776,-349.618,-24.198,-352.241,-18.954,-354.810,-13.711,-357.450,-8.325,-360.161,-0.901,-362.815,6.245,-365.390,14.088,-368.022,26.393,-370.747,39.626,-373.446,55.024,-376.039,69.881,-378.651,84.864,-381.384,100.893,-384.118,120.531,-386.736,145.694,-389.601,176.939,-405.441,184.927,-394.604,188.910,-388.104,230.088,-385.490,263.220,-382.944,280.422,-380.420,293.745,-377.793,302.935,-375.119,310.748,-372.523,317.832,-369.983,324.456,-367.373,330.475,-364.693,335.732,-362.067,340.988,-359.524,346.244,-356.933,351.505,-353.037,357.982,-347.741,365.897,-342.647,373.716,-337.516,381.554,-331.051,390.614,-324.643,399.621,-317.733,409.265,-311.905,417.821,-304.930,427.401,-299.546,435.373,-294.411,443.213,-289.317,451.032,-284.017,458.954,-278.624,466.936,-271.341,476.908,-257.538,493.431,-227.351,522.604,-212.523,534.941,-199.543,545.357,-189.169,553.081,-181.165,558.478,-174.491,562.621,-168.589,565.299,-161.887,567.872,-156.632,570.469,-151.096,573.176,-144.053,575.871,-137.689,578.443,-131.388,581.017,-124.324,583.728,-118.345,586.436,-110.464,589.022,-102.528,591.598,-94.705,594.287,-86.474,597.000,-75.991,599.618,-63.884,602.204,-48.912,604.886,-33.054,607.618,-15.566,610.278,1.824,612.876,20.472,615.542,42.837,618.289,65.641,620.988,88.338,623.600,114.284,626.257,154.369,629.012,223.286,628.401,255.976,625.924,281.251,623.417,300.027,620.769,318.911,618.122,333.355,615.601,346.180,613.075,356.577,610.420,366.947,607.752,377.527,605.196,386.702,602.662,396.320,600.030,404.869,597.357,415.291,594.776,424.541,592.242,432.571,589.631,442.204,586.961,450.229,584.349,458.178,581.811,466.080,579.226,473.892,576.552,481.111,573.912,487.566,571.371,493.766,568.804,500.149,565.003,506.400,561.343,511.657,558.798,517.883,555.289,528.439,547.337,535.945,542.418,543.232,537.838,551.495,532.302,561.096,525.325,570.559,518.459,580.832,510.882,589.389,505.054,600.649,496.451,612.597,487.112,623.261,479.121,636.193,468.938,648.141,458.840,652.433,454.817,669.101,437.284,699.980,404.006,707.383,394.056,714.642,384.145,721.254,374.899,725.132,368.489,728.877,362.204,733.533,354.884,738.184,347.569,740.923,342.289,743.629,337.046,746.215,331.803,748.784,326.559,751.461,321.115,754.173,313.632,756.791,305.738,759.367,297.777,762.029,287.863,764.753,275.308,767.409,262.188,769.998,248.865,772.643,235.710,775.368,222.797,778.051,209.097,780.829,195.607,800.011,190.205,794.075,186.428,783.289,171.072,783.796,123.612,781.217,90.577,778.705,72.229,776.181,58.877,773.520,48.216,770.848,39.667,768.293,31.048,765.753,24.266,763.106,18.197,760.430,11.120,757.844,4.908,754.909,-2.026,750.593,-10.728,747.869,-16.389,743.544,-23.365,740.620,-29.003,736.602,-35.687,727.296,-47.601,713.016,-63.246,706.783,-68.960,692.229,-82.106,676.493,-95.220,664.571,-104.515,650.840,-115.751,638.586,-125.499,628.015,-133.422,619.958,-138.818,611.056,-145.192,603.564,-150.158,598.315,-152.754,593.071,-155.323,587.828,-157.995,582.585,-160.701,576.486,-163.319,568.570,-165.895,560.710,-168.548,552.910,-171.260,544.302,-173.910,535.000,-176.489,527.106,-179.117,519.306,-181.829,512.111,-184.501,505.637,-187.073,497.738,-189.675,490.229,-192.387,484.216,-195.081,476.291,-197.657,466.738,-200.238,458.453,-202.951,449.715,-205.666,437.523,-208.264,426.849,-210.846,414.450,-213.546,401.537,-216.270,387.427,-218.898,371.405,-221.494,353.818,-224.180,318.327,-226.960,218.420,-229.665
353.656,-362.659,291.322,-365.708,210.170,-373.320,102.625,-382.347,63.102,-382.555,34.891,-381.518,13.215,-379.763,-6.508,-377.795,-23.333,-375.507,-38.660,-373.056,-54.882,-370.703,-73.435,-368.605,-95.527,-366.897,-114.350,-364.829,-128.965,-362.299,-140.684,-359.452,-152.226,-356.584,-163.220,-353.657,-174.790,-350.793,-185.472,-347.832,-196.143,-344.869,-206.807,-341.905,-217.469,-338.942,-228.681,-336.038,-239.812,-333.126,-251.963,-330.326,-262.780,-327.379,-273.270,-324.397,-285.572,-321.613,-296.292,-318.656,-305.966,-315.583,-316.284,-312.582,-325.049,-309.410,-333.668,-306.222,-342.327,-303.001,-352.544,-298.531,-364.250,-292.867,-383.131,-281.447,-408.221,-265.047,-429.044,-252.070,-444.639,-243.286,-461.995,-233.001,-480.236,-218.470,-494.762,-203.196,-504.325,-191.800,-513.842,-180.440,-524.067,-168.513,-533.291,-157.379,-542.474,-145.047,-549.938,-132.728,-555.346,-121.552,-561.267,-105.279,-567.279,-88.179,-573.576,-68.478,-579.913,-48.422,-586.577,-25.381,-593.946,4.270,-603.802,80.371,-604.534,121.336,-602.826,143.434,-600.568,160.522,-597.909,173.958,-595.168,186.649,-592.261,197.829,-589.113,206.807,-586.111,217.122,-582.942,225.915,-579.860,235.502,-576.795,245.241,-573.608,253.870,-570.420,262.489,-567.232,271.108,-564.044,279.726,-560.856,288.345,-557.486,297.191,-551.902,308.797,-546.722,319.898,-541.725,330.773,-536.729,341.645,-532.303,351.808,-526.985,363.081,-520.678,375.589,-513.224,389.525,-501.746,408.479,-478.158,442.517,-452.860,476.709,-440.644,491.987,-427.972,507.622,-406.597,530.358,-393.211,542.402,-382.830,550.700,-373.441,557.760,-365.539,562.968,-357.019,568.945,-347.500,576.168,-338.642,582.566,-330.844,587.644,-321.682,594.422,-313.590,599.865,-305.817,604.902,-295.799,611.631,-286.070,617.853,-276.061,624.715,-267.033,629.912,-259.297,634.896,-250.912,639.951,-241.726,645.094,-232.380,650.254,-222.616,655.461,-212.443,660.712,-202.092,665.983,-191.293,671.303,-181.458,676.517,-171.440,681.751,-159.752,687.169,-147.946,692.600,-136.139,698.030,-124.326,703.462,-111.634,708.990,-98.522,714.564,-84.930,720.190,-70.383,725.922,-54.450,731.806,-36.294,737.933,-14.163,744.498,14.067,751.731,59.552,760.860,153.320,775.058,269.167,786.749,300.433,786.075,328.894,785.066,359.827,784.328,389.424,783.443,413.563,781.959,434.626,780.137,453.876,778.116,472.292,776.004,487.690,773.560,503.403,771.151,516.521,768.457,529.225,765.717,541.928,762.978,554.178,760.188,564.870,757.228,574.497,754.151,585.088,751.179,595.490,748.187,604.465,745.038,614.789,742.037,624.612,738.981,634.281,735.909,642.909,732.722,651.528,729.534,660.147,726.345,668.766,723.157,677.727,719.753,689.814,715.220,700.248,711.000,710.011,706.895,718.640,703.699,727.388,700.407,737.891,695.707,747.639,691.613,758.504,686.624,769.390,681.617,780.334,676.564,794.093,669.253,812.851,657.931,832.155,646.172,849.880,635.262,865.659,621.051,876.231,608.863,884.980,598.119,891.178,589.414,900.170,577.537,907.620,566.871,912.667,559.089,917.649,551.367,922.631,543.645,927.621,535.852,932.781,526.512,937.809,518.373,942.909,509.577,948.286,498.264,953.866,485.096,959.820,468.525,966.097,449.005,972.211,430.973,978.479,411.541,985.145,388.483,992.132,362.504,1000.620,322.063,1008.734,250.400,1009.604,205.943,1008.387,179.373,1006.803,156.147,1004.957,135.306,1002.994,115.527,1000.903,96.914,998.447,81.634,995.831,67.807,992.879,57.030,989.913,46.390,986.805,37.043,983.755,27.173,980.659,17.716,977.422,9.032,972.882,-1.273,969.186,-10.524,964.702,-20.759,959.696,-31.644,954.399,-42.891,945.993,-58.016,929.563,-82.991,890.044,-131.806,871.577,-150.269,860.029,-160.021,848.801,-169.375,839.058,-176.876,829.529,-184.112,820.643,-190.546,812.832,-195.626,801.688,-203.285,787.195,-212.486,777.807,-218.198,769.922,-223.199,760.504,-228.367,752.527,-233.378,744.727,-238.369,735.349,-243.532,727.256,-248.555,719.534,-253.538,711.812,-258.520,704.090,-263.502,696.369,-268.484,688.625,-273.469,679.564,-278.598,669.520,-283.835,656.363,-289.414,640.365,-295.305,620.449,-301.626,598.284,-308.194,574.435,-314.947,550.493,-321.710,529.089,-328.194,510.053,-334.419,488.989,-340.866,465.007,-347.633,421.715,-356.252
258.860,-453.129,221.833,-452.093,189.722,-450.362,160.543,-448.389,132.628,-446.312,105.446,-444.174,79.052,-441.972,54.668,-439.604,30.964,-437.180,9.153,-434.599,-9.831,-431.786,-28.910,-428.980,-46.678,-426.067,-63.472,-423.073,-79.881,-420.047,-95.926,-416.992,-112.288,-413.962,-127.548,-410.842,-141.089,-407.580,-154.911,-404.341,-169.866,-401.195,-181.896,-397.809,-194.635,-394.481,-206.398,-391.072,-217.723,-387.628,-229.827,-384.247,-239.402,-380.658,-250.145,-377.165,-260.472,-373.638,-270.624,-370.097,-279.713,-366.465,-290.716,-362.295,-302.146,-357.474,-311.245,-353.810,-321.266,-349.361,-331.828,-344.452,-343.850,-338.306,-355.521,-332.457,-368.542,-325.464,-384.871,-315.670,-405.186,-302.812,-428.074,-286.129,-459.689,-260.560,-516.786,-210.334,-538.178,-188.184,-553.301,-171.320,-566.903,-155.745,-578.006,-142.288,-590.105,-127.987,-601.423,-114.348,-612.799,-100.660,-620.148,-90.320,-630.207,-76.316,-637.080,-65.988,-644.339,-55.691,-651.490,-43.913,-656.833,-33.473,-661.924,-24.827,-667.076,-15.440,-672.340,-4.692,-677.651,6.622,-683.002,18.425,-688.504,32.057,-693.894,44.327,-699.598,60.416,-705.322,76.737,-712.121,106.489,-717.808,147.757,-719.751,173.338,-717.189,200.544,-714.858,225.421,-712.036,244.307,-708.933,259.773,-705.523,271.516,-702.069,282.736,-698.517,292.753,-694.886,301.817,-691.254,310.873,-687.474,320.104,-682.124,331.186,-676.491,342.603,-670.078,354.940,-664.006,366.874,-656.813,380.132,-649.519,393.507,-640.868,408.484,-629.592,426.558,-615.916,447.434,-576.306,495.975,-546.930,526.343,-524.515,548.014,-499.776,572.425,-473.012,599.228,-450.967,620.462,-429.803,640.656,-413.416,655.216,-400.072,666.187,-388.429,675.150,-377.116,683.724,-365.577,692.565,-355.730,699.400,-344.020,707.381,-332.588,714.874,-324.172,720.016,-315.833,725.082,-307.494,730.148,-299.044,735.343,-288.701,742.263,-277.071,747.907,-267.459,753.078,-256.941,758.323,-244.778,763.704,-231.368,769.188,-216.428,774.797,-198.881,780.622,-179.520,786.596,-159.204,792.649,-137.260,798.836,-117.936,804.807,-98.748,810.767,-78.743,816.795,-56.730,822.988,-32.032,829.402,-2.410,836.222,44.057,844.362,106.656,851.801,218.305,858.489,291.859,860.190,343.658,860.082,387.673,859.332,424.498,857.989,456.725,856.267,486.420,854.337,513.307,852.175,535.789,849.650,558.840,847.172,579.658,844.510,599.439,841.811,614.311,840.119,629.371,837.588,648.520,834.790,665.069,831.776,680.646,828.682,695.393,825.519,708.655,822.234,720.187,818.805,732.036,814.834,744.859,810.023,754.953,806.421,764.021,802.787,773.951,798.414,784.391,793.609,794.508,789.078,806.129,783.272,818.454,776.868,831.166,770.138,846.616,761.085,864.851,749.646,879.812,739.219,899.963,723.837,922.527,703.990,944.478,681.628,958.946,665.319,969.619,652.227,977.558,641.451,985.718,630.490,992.701,620.526,999.481,610.723,1006.983,599.347,1014.402,588.050,1020.013,579.239,1025.080,570.899,1030.176,562.189,1035.377,552.211,1040.490,543.289,1045.688,533.344,1050.891,523.342,1056.129,512.916,1061.301,503.286,1066.680,491.144,1072.037,479.276,1077.536,465.669,1083.046,451.940,1088.758,435.760,1094.726,416.478,1101.008,393.389,1108.035,361.170,1116.922,282.640,1118.305,221.187,1116.059,195.332,1113.203,176.868,1110.051,161.985,1106.664,149.957,1103.326,137.342,1099.943,125.267,1096.668,111.886,1093.395,98.481,1090.121,85.077,1086.848,71.672,1083.573,58.286,1080.223,45.819,1076.938,32.561,1073.630,19.570,1070.151,8.667,1066.646,-1.929,1063.055,-11.671,1058.504,-23.514,1054.051,-34.065,1050.412,-43.130,1046.419,-52.612,1041.260,-63.470,1036.174,-74.242,1030.484,-85.725,1022.940,-99.397,1015.812,-112.576,1008.037,-126.520,997.007,-144.303,983.467,-165.046,955.287,-201.859,921.741,-238.240,906.058,-251.974,893.531,-261.979,881.495,-271.407,871.029,-278.982,860.728,-286.362,851.297,-292.716,841.528,-299.469,832.268,-305.354,819.486,-313.820,809.831,-320.239,800.240,-326.781,791.751,-332.024,781.419,-338.942,771.003,-344.672,759.490,-351.689,748.851,-357.169,739.228,-362.341,727.020,-367.725,714.202,-373.160,698.783,-378.810,681.757,-384.591,663.679,-390.460,643.949,-396.464,619.594,-402.850,592.586,-409.455,562.220,-416.336,521.126,-424.102,454.515,-433.971,367.775,-445.209
93.048,-505.255,26.182,-501.335,-24.426,-497.140,-71.912,-492.946,-122.576,-488.751,-169.678,-484.556,-220.737,-480.361,-259.823,-476.167,-280.515,-471.972,-297.437,-467.777,-315.102,-463.582,-330.797,-459.388,-345.088,-455.193,-359.379,-450.998,-372.300,-446.803,-384.168,-442.609,-395.302,-438.414,-406.425,-433.946,-417.962,-428.038,-427.702,-422.528,-437.020,-417.404,-445.416,-413.203,-453.806,-409.008,-462.195,-404.813,-470.585,-400.619,-478.974,-396.424,-487.364,-392.229,-495.753,-388.034,-504.322,-383.661,-515.365,-376.813,-526.243,-370.129,-539.622,-360.945,-556.277,-348.485,-579.051,-329.900,-611.969,-300.059,-641.812,-270.533,-659.077,-249.679,-667.254,-237.307,-673.927,-226.439,-680.921,-215.251,-686.929,-205.048,-691.243,-196.540,-695.438,-188.150,-699.632,-179.761,-703.827,-171.370,-708.022,-162.355,-712.217,-151.908,-716.411,-140.833,-720.606,-128.295,-724.801,-115.602,-728.996,-99.905,-733.190,-83.079,-737.385,-64.283,-741.565,-42.745,-743.549,16.471,-741.718,126.363,-739.877,173.130,-735.709,251.630,-731.514,298.258,-727.319,319.687,-723.125,333.188,-718.930,347.130,-714.735,361.792,-710.540,374.848,-706.346,385.421,-702.151,394.924,-697.956,405.018,-693.762,413.536,-689.495,422.259,-683.705,433.944,-679.058,442.943,-674.259,451.936,-668.597,461.793,-664.298,470.298,-658.035,481.809,-651.786,493.297,-647.534,501.754,-643.339,510.144,-638.625,519.222,-631.414,532.328,-626.519,541.666,-622.323,550.057,-618.097,558.478,-612.136,568.633,-605.561,579.404,-599.560,589.599,-590.577,602.777,-576.332,621.213,-545.838,654.389,-511.384,687.945,-460.492,735.095,-442.330,749.063,-428.367,758.831,-417.429,765.574,-406.372,772.436,-396.026,778.588,-385.969,784.450,-375.542,790.682,-366.645,795.385,-358.254,799.581,-349.856,803.775,-340.459,807.970,-330.978,812.165,-322.570,816.360,-313.241,820.554,-303.543,824.749,-293.293,828.944,-281.794,833.139,-267.401,837.333,-252.717,841.528,-238.033,845.723,-223.346,849.917,-207.986,854.112,-192.910,858.307,-176.476,862.502,-159.697,866.696,-142.918,870.891,-126.139,875.086,-109.289,879.281,-90.916,883.475,-73.064,887.670,-54.229,891.865,-35.874,896.060,-15.499,900.254,50.061,904.021,198.340,902.353,330.659,898.178,423.598,893.984,462.432,889.789,485.527,885.594,506.437,881.399,529.403,877.205,551.051,873.010,572.381,868.815,593.622,864.620,612.258,860.426,630.455,856.231,647.997,852.036,664.473,847.841,678.961,843.647,691.638,839.452,702.977,835.257,713.452,831.062,722.755,826.868,732.584,822.673,746.126,818.478,758.790,814.283,772.108,810.089,785.728,805.894,797.650,801.699,811.063,797.504,824.528,793.310,834.435,789.115,844.536,784.920,853.168,780.725,861.593,776.495,871.390,770.893,880.881,765.596,892.316,758.356,903.630,751.237,919.898,739.164,942.246,721.006,983.551,682.196,1008.170,654.082,1018.516,639.541,1027.576,626.286,1038.143,611.525,1045.656,599.818,1052.069,589.210,1057.189,579.827,1061.390,569.857,1065.585,560.990,1069.780,552.021,1073.975,541.583,1078.169,531.638,1082.364,522.671,1086.559,512.700,1090.754,502.784,1094.948,493.749,1099.143,483.432,1103.338,470.918,1107.533,457.886,1111.727,441.462,1115.922,422.639,1120.117,402.403,1124.312,382.433,1128.506,359.802,1132.701,327.359,1136.896,263.390,1140.728,142.977,1141.734,83.401,1139.281,1.314,1135.096,-45.053,1130.902,-72.903,1126.707,-93.730,1122.512,-110.946,1118.317,-126.167,1114.123,-141.873,1109.928,-156.602,1105.733,-171.178,1101.538,-182.817,1097.344,-194.284,1093.141,-203.813,1087.993,-214.724,1082.653,-224.325,1078.446,-232.727,1074.251,-241.529,1070.057,-251.547,1065.858,-260.421,1060.844,-272.645,1055.158,-283.343,1042.868,-299.794,999.228,-344.358,977.322,-362.269,965.470,-369.927,956.684,-374.518,948.294,-378.713,939.905,-382.908,931.502,-387.103,921.961,-391.297,912.387,-395.492,902.061,-399.687,891.561,-403.882,879.999,-408.076,867.625,-412.271,856.741,-416.466,844.374,-420.661,831.963,-424.855,821.079,-429.050,808.746,-433.245,797.068,-437.440,785.676,-441.634,773.233,-445.829,762.349,-450.024,750.056,-454.219,737.475,-458.413,725.663,-462.608,714.402,-466.803,701.838,-470.998,689.335,-475.192,678.397,-479.387,666.202,-483.582,652.953,-487.777,638.236,-491.971,621.835,-496.166,602.554,-500.361,570.904,-504.535,469.855,-506.700,259.215,-506.683
-115.688,-425.786,-153.530,-426.404,-178.819,-425.469,-196.753,-423.745,-211.632,-421.694,-224.457,-419.425,-235.670,-416.983,-246.858,-414.537,-258.021,-412.090,-267.512,-409.464,-276.213,-406.752,-285.505,-404.104,-294.490,-401.424,-303.376,-398.733,-311.766,-395.987,-319.356,-393.157,-326.944,-390.328,-334.556,-387.476,-343.929,-383.206,-355.334,-377.297,-365.696,-372.229,-377.295,-366.162,-391.670,-357.857,-413.491,-342.964,-437.855,-321.189,-450.488,-307.711,-459.492,-297.157,-465.906,-288.693,-471.839,-280.617,-476.238,-273.779,-480.609,-266.962,-484.981,-260.145,-489.354,-253.327,-493.776,-246.036,-498.316,-237.639,-502.705,-230.672,-507.259,-222.162,-511.698,-214.704,-516.266,-206.060,-520.927,-196.554,-525.683,-186.138,-530.463,-175.505,-535.408,-163.341,-540.184,-152.755,-545.142,-140.452,-550.264,-126.626,-555.221,-114.355,-560.343,-100.519,-565.485,-86.498,-570.629,-72.480,-575.776,-58.429,-581.082,-42.869,-586.432,-26.914,-591.960,-9.300,-597.668,10.003,-603.594,31.347,-610.167,58.724,-618.534,102.914,-627.414,171.955,-632.851,253.955,-633.387,293.005,-632.284,316.727,-630.787,336.768,-628.803,352.271,-626.669,366.370,-624.416,379.347,-622.025,391.040,-619.570,402.143,-616.945,411.650,-614.279,420.761,-611.569,429.475,-608.844,438.055,-606.015,445.665,-602.740,455.486,-597.554,468.860,-594.224,477.249,-590.595,485.829,-585.152,496.655,-579.455,507.796,-574.051,518.574,-562.771,536.637,-545.772,561.567,-526.729,585.216,-515.705,597.168,-503.162,608.674,-493.765,616.244,-486.349,621.358,-477.934,627.713,-469.424,634.182,-460.914,640.653,-451.162,648.665,-442.099,655.791,-430.774,664.136,-421.551,670.762,-413.312,676.896,-406.443,681.312,-398.350,685.820,-390.643,690.288,-381.569,694.901,-371.162,699.657,-360.745,704.414,-350.287,709.177,-337.816,714.153,-322.319,719.454,-304.565,724.997,-281.705,731.086,-249.422,738.183,-202.648,746.831,-87.796,762.262,63.594,776.254,129.019,779.618,185.370,782.006,245.001,784.745,305.934,787.624,363.435,790.136,422.908,792.857,477.977,795.109,510.057,794.901,534.457,793.869,555.839,792.514,575.341,790.960,590.921,788.985,607.456,787.111,621.924,785.018,633.558,782.621,644.745,780.175,655.295,777.661,664.678,775.024,672.989,772.271,682.325,769.627,690.606,766.871,699.978,764.233,709.336,761.591,717.054,758.774,724.642,755.945,732.230,753.114,740.177,749.993,751.053,744.511,763.621,737.663,782.526,725.703,803.388,712.162,829.372,693.333,840.851,684.498,861.148,665.400,878.635,648.004,889.847,635.670,900.161,624.060,906.887,615.343,913.235,606.933,918.371,599.500,924.677,591.111,929.358,582.966,933.827,575.247,938.252,567.930,942.815,559.329,947.390,550.617,952.029,541.312,956.662,532.047,961.519,520.697,966.187,511.118,971.117,499.091,976.241,485.236,981.569,469.488,986.659,455.970,992.114,439.025,999.554,403.541,1007.037,367.664,1015.172,322.768,1019.106,274.088,1019.578,251.955,1018.761,226.695,1017.288,206.435,1015.463,189.456,1013.401,174.680,1011.163,161.564,1008.912,148.566,1006.768,134.558,1004.443,122.246,1001.999,111.053,999.554,99.867,997.003,89.667,994.251,81.346,991.581,72.261,988.754,64.642,985.923,57.055,983.093,49.467,980.234,41.843,976.034,32.558,971.632,23.022,967.218,13.470,961.797,2.671,957.126,-7.197,951.001,-18.871,943.356,-32.428,932.511,-49.947,910.273,-80.161,890.149,-101.764,877.643,-113.189,866.945,-122.374,857.029,-130.587,848.546,-137.024,839.085,-144.674,830.668,-151.031,823.119,-156.309,816.277,-160.712,808.174,-166.678,799.203,-173.164,788.363,-180.745,781.316,-185.362,774.499,-189.734,767.682,-194.106,760.865,-198.478,754.048,-202.850,747.231,-207.222,740.414,-211.593,733.597,-215.966,726.780,-220.338,719.963,-224.709,713.146,-229.081,706.329,-233.454,698.985,-237.882,690.626,-242.418,682.728,-246.907,674.838,-251.394,666.061,-255.975,655.664,-260.730,644.379,-265.581,632.722,-270.471,620.862,-275.382,608.589,-280.338,594.689,-285.469,580.668,-290.611,566.648,-295.753,552.546,-300.906,537.406,-306.169,523.087,-311.343,507.371,-316.667,491.610,-321.997,474.200,-327.502,456.382,-333.051,436.008,-338.875,414.761,-344.791,392.064,-350.862,367.695,-357.113,338.660,-363.863,303.222,-371.298,243.287,-381.354,124.394,-397.721,-22.029,-416.824
247.868,-416.734,215.549,-416.155,195.799,-413.922,182.011,-411.041,168.561,-408.123,155.496,-405.164,143.677,-402.069,130.317,-399.142,116.867,-396.225,103.417,-393.307,89.967,-390.389,76.517,-387.472,63.065,-384.555,48.847,-381.720,33.261,-379.035,18.368,-376.274,2.451,-373.624,-11.934,-370.808,-28.167,-368.193,-44.637,-365.603,-59.562,-362.846,-76.241,-360.278,-94.011,-357.830,-112.582,-355.468,-147.345,-354.878,-221.187,-360.377,-263.724,-362.974,-289.582,-361.435,-305.372,-358.772,-318.881,-355.861,-332.331,-352.943,-345.784,-350.026,-360.140,-347.206,-376.711,-344.628,-394.162,-342.145,-413.097,-339.822,-430.890,-337.376,-448.681,-334.930,-467.324,-332.576,-484.078,-330.017,-499.663,-327.332,-512.314,-324.324,-523.834,-320.343,-536.247,-314.980,-549.642,-308.160,-561.930,-302.227,-579.468,-291.944,-606.825,-269.791,-620.941,-254.593,-643.092,-233.937,-664.829,-214.256,-674.067,-202.904,-680.762,-193.571,-687.339,-183.900,-695.908,-171.637,-701.534,-162.578,-706.961,-152.911,-712.306,-144.006,-717.812,-133.611,-723.515,-121.400,-729.751,-104.285,-736.890,-78.853,-743.756,-55.936,-751.480,-24.044,-760.866,60.078,-767.079,114.438,-768.069,147.191,-769.982,206.217,-769.563,242.684,-768.352,271.850,-766.699,296.955,-764.750,319.325,-762.492,338.850,-759.986,356.090,-757.138,370.185,-754.212,383.555,-751.112,395.323,-747.959,406.608,-744.721,417.105,-741.351,426.386,-738.109,437.247,-733.145,449.757,-727.570,464.031,-722.891,475.990,-718.886,485.896,-713.618,497.358,-708.953,508.070,-705.442,517.347,-700.437,528.483,-694.321,540.999,-685.766,556.545,-671.611,577.726,-652.516,598.084,-639.123,611.023,-630.952,619.169,-621.698,628.654,-609.486,639.123,-600.356,645.425,-590.188,650.910,-577.972,656.614,-563.887,662.521,-551.515,668.242,-538.635,674.018,-526.631,679.699,-512.448,685.616,-499.769,691.370,-485.935,697.250,-472.630,703.072,-458.712,708.961,-444.977,714.830,-429.387,720.900,-414.647,726.878,-399.404,732.910,-384.211,738.937,-367.802,745.097,-350.965,751.302,-333.983,757.524,-313.919,764.077,-272.510,771.838,-225.120,774.037,-192.565,773.197,-154.905,772.908,-119.896,772.331,-87.643,771.455,-61.774,769.885,-39.980,767.874,-21.370,765.516,-3.590,763.069,14.251,760.628,35.630,758.571,71.969,758.699,111.768,765.043,136.251,772.062,158.801,778.888,185.855,786.203,217.321,793.997,268.518,803.832,406.655,819.086,490.261,823.936,552.848,826.353,594.838,826.534,625.004,825.431,646.314,823.367,661.806,820.671,675.738,817.806,689.803,814.955,702.744,811.982,714.602,808.891,726.460,805.801,738.740,802.756,750.773,799.685,763.434,796.682,774.747,793.532,786.034,790.380,798.070,787.309,809.628,784.186,821.126,781.056,833.017,777.970,843.767,774.759,855.516,771.657,864.827,768.287,876.600,764.280,891.466,758.498,902.246,753.869,916.032,746.732,931.829,737.978,947.199,729.568,963.026,720.785,995.812,696.964,1031.958,664.842,1046.086,650.715,1053.889,642.166,1061.547,632.080,1069.005,622.134,1074.627,613.182,1080.080,603.402,1086.831,591.927,1093.564,579.276,1099.147,568.252,1104.699,557.429,1110.396,545.278,1116.132,532.767,1121.869,520.248,1127.735,506.536,1133.915,489.936,1140.528,469.352,1150.987,413.280,1162.470,332.891,1161.615,308.923,1159.982,283.651,1157.585,265.406,1154.867,250.111,1152.116,235.134,1149.265,221.067,1146.348,207.616,1143.430,194.166,1140.512,180.716,1137.584,167.366,1134.485,155.588,1131.438,143.326,1128.369,131.274,1125.267,119.524,1122.296,106.562,1119.079,95.871,1115.999,83.921,1112.737,73.644,1109.486,63.267,1106.094,53.188,1101.203,42.191,1096.594,31.549,1090.638,19.231,1085.541,7.981,1076.449,-8.236,1067.718,-24.004,1057.189,-42.009,1044.691,-62.462,1031.202,-84.118,1020.773,-99.854,1011.009,-114.128,991.663,-138.701,975.404,-157.627,963.387,-170.654,945.949,-188.249,929.078,-204.320,912.383,-220.170,898.693,-232.283,886.628,-242.376,874.718,-252.276,864.329,-260.283,853.710,-267.998,843.000,-274.668,834.057,-280.031,822.119,-285.704,808.811,-291.527,791.583,-297.775,770.704,-304.419,746.996,-311.371,723.224,-318.329,700.159,-325.211,679.605,-331.820,655.447,-338.820,630.786,-345.875,599.381,-353.663,551.483,-363.240,490.196,-374.271,441.093,-383.980,401.272,-392.681,361.812,-401.342,306.754,-411.407
390.688,-510.374,286.399,-518.594,237.898,-520.878,204.238,-521.532,174.085,-521.879,143.116,-522.353,103.653,-523.613,53.631,-526.009,-1.595,-529.005,-61.575,-532.413,-116.497,-535.303,-171.559,-538.282,-222.817,-540.798,-267.721,-542.632,-300.739,-543.320,-324.676,-543.011,-343.925,-542.168,-362.194,-541.318,-380.054,-540.392,-396.258,-539.233,-409.482,-537.843,-420.782,-536.251,-429.358,-534.299,-436.291,-532.240,-443.240,-530.211,-449.062,-527.972,-454.878,-525.783,-460.688,-523.642,-466.508,-521.411,-472.326,-519.206,-479.168,-516.228,-491.937,-508.346,-502.631,-499.994,-515.225,-487.329,-522.235,-479.098,-525.913,-473.539,-529.301,-468.303,-532.644,-463.063,-535.938,-457.768,-539.501,-450.744,-542.963,-444.502,-546.397,-437.864,-549.970,-430.591,-553.626,-422.624,-557.208,-414.564,-560.866,-406.336,-564.724,-396.567,-568.566,-386.004,-572.778,-372.303,-577.304,-356.118,-582.052,-336.973,-586.817,-317.801,-591.710,-298.095,-597.143,-272.507,-603.677,-236.169,-611.779,-185.577,-620.714,-126.452,-629.388,-69.399,-637.408,-19.582,-645.330,29.659,-652.478,72.049,-654.642,86.543,-657.166,103.616,-665.055,153.126,-672.746,200.070,-680.185,244.373,-687.459,287.959,-694.448,328.294,-701.724,370.935,-712.145,451.432,-718.100,530.688,-718.691,563.728,-718.027,583.945,-717.125,601.876,-715.737,615.885,-714.154,627.396,-712.429,637.262,-710.661,647.614,-708.691,655.547,-706.714,662.932,-704.731,671.137,-702.553,677.211,-700.412,683.021,-698.197,688.840,-695.878,694.780,-692.109,702.597,-687.949,710.827,-673.892,731.138,-667.387,739.255,-664.135,743.261,-660.428,747.871,-641.810,771.864,-618.376,798.236,-607.463,808.508,-599.086,815.735,-593.708,819.282,-586.834,824.576,-581.430,828.124,-575.655,831.568,-567.681,835.141,-561.326,838.588,-552.797,842.318,-539.324,846.478,-523.691,850.874,-500.851,856.092,-469.451,861.588,-426.288,863.971,-387.914,865.115,-356.812,865.559,-327.204,865.892,-297.481,866.141,-268.481,866.351,-241.467,866.414,-215.867,866.249,-191.571,865.955,-167.415,865.722,-140.391,865.720,-110.354,866.007,-62.607,868.226,29.457,875.000,128.175,882.417,167.372,883.741,205.795,884.954,300.783,891.984,510.664,911.034,573.094,914.757,603.511,915.075,627.391,914.777,648.007,914.170,666.887,913.288,686.481,912.529,703.340,911.537,719.463,910.378,736.271,909.315,753.335,908.344,770.109,907.268,787.513,906.251,806.047,905.434,824.600,904.558,841.643,903.488,858.672,902.514,873.513,901.267,884.663,899.582,893.337,897.727,900.310,895.678,908.400,893.675,915.968,891.690,921.815,889.533,929.089,886.114,940.184,879.610,965.019,859.113,968.998,853.400,972.346,848.144,975.786,841.453,979.257,835.266,982.801,828.274,986.236,821.632,989.725,815.125,993.602,805.079,997.614,792.873,1002.015,777.457,1006.760,759.165,1021.485,643.930,1037.407,517.530,1049.427,429.249,1066.305,293.432,1071.295,258.627,1076.927,204.670,1087.747,127.063,1096.430,69.930,1109.173,-50.113,1110.934,-93.592,1110.527,-116.074,1109.195,-130.551,1107.329,-139.620,1105.476,-148.198,1103.331,-154.704,1101.182,-161.194,1098.809,-168.886,1095.136,-176.530,1092.874,-182.385,1090.734,-188.196,1088.546,-194.011,1086.307,-199.832,1084.157,-205.643,1081.985,-211.457,1079.746,-217.278,1077.327,-223.404,1072.991,-231.901,1066.824,-242.559,1049.953,-264.386,1043.814,-271.787,1037.475,-277.078,1031.294,-281.569,1024.924,-286.355,1019.673,-289.664,1013.778,-293.786,1007.324,-298.675,1002.071,-302.003,996.827,-305.307,991.556,-308.737,984.794,-313.943,979.223,-317.633,973.987,-321.020,968.746,-324.368,963.064,-328.195,956.405,-333.318,951.144,-336.708,945.856,-340.002,938.886,-343.539,933.319,-346.950,926.818,-350.370,920.739,-353.800,914.978,-357.242,908.147,-360.701,900.362,-365.086,891.244,-370.197,884.259,-373.694,877.261,-377.189,869.311,-380.859,861.312,-384.469,854.824,-387.895,847.770,-391.472,842.289,-394.836,834.050,-398.436,827.308,-401.974,820.323,-405.509,812.230,-409.094,805.335,-412.632,797.661,-416.254,789.601,-419.836,781.610,-423.473,773.654,-427.139,765.594,-430.721,757.388,-434.365,747.620,-438.224,738.339,-441.943,727.555,-445.840,716.431,-449.840,702.929,-454.014,687.810,-458.346,675.760,-462.442,661.435,-466.716,645.032,-471.167,630.388,-475.533,612.644,-480.177,596.058,-484.645,576.815,-489.476,518.164,-498.234
73.387,-413.344,-11.168,-414.442,-58.581,-413.273,-90.437,-411.249,-115.284,-408.841,-134.564,-406.127,-152.954,-403.365,-168.605,-400.452,-183.640,-397.506,-197.154,-394.476,-211.522,-391.492,-224.867,-388.453,-237.128,-385.355,-251.486,-382.371,-264.898,-379.335,-277.582,-376.259,-289.523,-373.143,-302.625,-370.091,-314.164,-366.952,-325.653,-363.810,-337.682,-360.699,-349.191,-357.559,-360.117,-354.387,-371.477,-351.239,-381.241,-348.002,-392.472,-344.847,-403.663,-341.690,-413.270,-338.445,-422.819,-335.197,-432.391,-331.951,-441.566,-328.683,-449.561,-325.350,-459.019,-322.097,-466.965,-318.751,-477.551,-314.400,-487.127,-310.120,-498.290,-305.273,-506.475,-301.595,-515.616,-296.981,-527.369,-290.500,-547.095,-277.890,-570.522,-260.511,-606.003,-230.447,-634.324,-201.880,-653.012,-181.561,-663.903,-168.227,-672.031,-157.370,-678.389,-148.099,-682.609,-140.742,-686.782,-133.427,-690.955,-126.108,-695.188,-117.710,-699.521,-107.505,-703.799,-98.274,-708.183,-87.115,-712.774,-72.184,-717.634,-52.364,-723.420,-15.676,-730.781,49.726,-740.081,150.370,-749.147,242.409,-748.342,277.789,-746.492,316.798,-744.249,344.654,-741.895,370.490,-739.285,391.655,-736.474,409.150,-733.484,423.415,-730.446,436.783,-727.316,448.469,-724.095,458.496,-720.852,468.135,-717.604,477.688,-714.304,486.275,-711.033,495.395,-707.687,503.158,-704.401,512.014,-700.778,521.165,-694.792,533.608,-690.547,542.715,-686.553,551.164,-681.437,560.865,-676.312,570.575,-671.298,580.163,-667.673,588.200,-661.148,599.474,-654.831,610.515,-640.037,630.728,-614.210,658.287,-599.857,671.715,-588.628,682.213,-570.025,699.013,-555.295,711.462,-545.238,718.696,-536.598,724.113,-527.540,728.393,-519.272,732.618,-508.439,736.985,-497.364,741.364,-486.285,745.744,-474.283,750.175,-461.954,754.623,-443.446,759.411,-406.944,765.186,-367.410,771.128,-308.349,778.116,-167.474,786.868,-36.586,791.984,203.185,803.284,391.991,812.707,461.155,812.790,502.977,811.314,541.232,809.642,576.386,807.799,607.681,805.745,637.313,803.600,665.712,801.387,692.763,799.100,720.551,796.853,749.729,794.682,773.539,792.218,791.078,789.409,806.143,786.464,818.522,783.371,829.964,780.227,839.818,776.993,849.976,772.961,859.742,767.826,872.343,760.113,896.827,741.512,911.561,729.150,930.908,710.362,960.594,680.253,981.646,659.968,1005.858,635.498,1021.333,618.059,1029.843,606.860,1035.869,597.883,1040.114,589.823,1044.362,581.145,1048.554,573.492,1052.884,563.308,1057.169,553.967,1061.541,543.042,1065.982,530.848,1070.375,519.516,1074.793,507.755,1079.173,496.677,1083.550,485.637,1087.849,476.031,1092.196,465.557,1096.569,454.609,1100.854,445.256,1105.248,433.908,1109.808,419.553,1114.478,403.182,1119.529,380.207,1126.191,357.265,1127.611,346.461,1129.571,326.368,1135.124,293.638,1140.412,266.017,1145.438,236.477,1145.574,203.741,1143.075,180.699,1140.143,165.402,1137.105,152.021,1133.977,140.294,1130.759,130.213,1127.517,120.555,1124.319,110.107,1121.048,100.968,1117.703,93.205,1114.428,84.156,1111.122,75.669,1107.774,67.938,1104.427,60.211,1101.079,52.484,1097.705,44.511,1093.018,33.452,1089.156,24.968,1084.803,16.118,1077.418,3.885,1059.822,-19.738,1019.006,-67.255,998.598,-86.478,986.105,-96.431,977.292,-102.271,965.488,-110.345,954.455,-117.555,945.310,-123.765,936.246,-129.891,928.156,-134.930,919.468,-140.637,912.117,-144.851,903.818,-150.123,895.506,-155.409,887.669,-160.165,878.919,-165.941,871.563,-170.161,863.355,-175.331,854.956,-180.715,847.633,-184.898,840.311,-189.080,831.929,-194.444,822.559,-200.554,811.817,-206.774,803.013,-212.510,795.666,-216.720,788.349,-220.896,780.316,-225.863,770.114,-232.070,760.363,-237.930,753.005,-242.146,745.566,-246.438,735.351,-252.476,726.968,-257.003,719.650,-261.177,712.146,-265.527,701.761,-271.605,693.610,-276.034,686.294,-280.207,678.980,-284.381,671.665,-288.554,664.343,-292.728,655.412,-297.523,644.831,-303.414,636.220,-307.699,628.870,-311.874,620.273,-316.118,612.156,-320.335,604.786,-324.512,595.858,-328.774,587.782,-332.988,578.783,-337.254,571.260,-341.439,562.251,-345.705,554.175,-349.920,545.259,-354.181,537.734,-358.366,528.687,-362.635,520.532,-366.854,509.832,-371.213,497.259,-375.675,481.216,-380.327,457.797,-385.385,413.606,-391.582,328.144,-399.664,259.341,-404.387
-214.314,-304.269,-226.009,-302.082,-234.807,-299.514,-242.961,-295.312,-249.485,-292.290,-255.585,-289.609,-262.211,-286.509,-270.024,-282.299,-278.279,-277.711,-287.493,-272.267,-296.460,-266.872,-301.758,-262.302,-316.808,-250.898,-324.827,-244.075,-340.593,-231.533,-346.644,-226.698,-358.260,-214.393,-366.985,-203.697,-373.767,-194.791,-377.464,-188.638,-383.490,-180.387,-389.947,-171.777,-395.715,-163.738,-400.504,-156.630,-404.641,-150.074,-407.966,-144.255,-412.979,-136.190,-416.820,-128.632,-420.163,-122.330,-423.582,-113.723,-427.033,-104.978,-430.483,-96.264,-433.834,-88.892,-437.377,-78.853,-440.874,-68.668,-444.394,-58.737,-448.038,-46.277,-451.871,-30.008,-455.748,-13.645,-459.789,6.815,-463.622,22.484,-467.292,35.565,-471.046,50.229,-474.826,64.891,-478.724,82.675,-482.749,101.811,-486.890,123.846,-491.083,141.036,-495.515,146.850,-493.851,161.663,-498.087,189.315,-502.932,224.676,-508.586,274.686,-514.916,347.000,-514.916,386.417,-512.575,398.915,-510.115,408.110,-507.585,416.768,-504.663,423.511,-499.687,433.901,-495.644,442.015,-491.272,450.056,-488.403,456.373,-483.800,464.649,-479.236,472.879,-476.350,479.218,-471.432,487.867,-467.171,495.725,-462.085,504.547,-452.782,518.038,-428.021,546.915,-403.422,571.253,-383.724,590.058,-374.847,596.766,-365.481,604.052,-357.482,609.810,-350.003,614.968,-342.074,620.053,-332.487,625.957,-326.515,629.451,-320.734,632.735,-314.953,636.012,-309.173,639.321,-303.311,642.583,-295.270,646.013,-286.461,649.451,-275.505,653.011,-258.991,656.885,-181.581,662.760,-108.697,663.814,-61.309,663.381,-22.991,662.444,9.241,661.176,38.224,659.905,57.451,659.771,109.218,659.705,154.488,659.132,185.813,657.823,212.251,656.271,235.401,654.500,257.862,652.749,277.273,650.789,297.414,648.891,321.046,647.182,341.652,645.282,362.701,643.456,381.418,641.452,397.791,639.359,413.784,637.236,427.946,634.999,440.105,632.697,452.085,630.329,464.158,628.013,476.183,625.671,487.303,623.279,496.602,620.817,508.052,618.421,520.071,616.109,530.340,613.667,542.043,611.313,552.515,608.907,563.393,606.483,573.951,604.097,583.721,601.621,593.892,599.192,605.649,596.848,615.849,594.394,626.324,592.004,635.374,589.483,644.454,587.003,653.225,584.492,660.538,581.892,669.448,579.414,676.115,576.763,682.273,574.133,690.086,571.565,697.412,568.972,704.715,566.402,710.818,563.720,716.918,561.091,724.568,557.025,742.258,542.007,755.198,527.638,763.154,517.684,769.509,509.117,774.662,501.679,780.149,493.913,785.598,486.185,790.612,478.868,794.405,472.603,797.720,466.824,801.413,460.664,806.447,453.315,809.798,447.486,813.777,440.940,820.183,430.629,824.190,424.049,827.487,418.267,831.057,412.235,836.190,404.779,839.582,398.931,842.840,393.149,846.142,387.368,849.426,381.587,852.703,375.805,856.048,369.351,859.381,362.148,862.715,355.903,866.081,348.461,869.469,340.714,872.929,331.982,876.347,323.201,879.847,313.971,883.489,301.209,887.145,288.577,890.804,275.994,894.566,260.885,898.820,239.037,903.211,220.032,901.379,180.457,900.462,141.035,899.238,108.448,897.395,86.645,895.419,68.420,893.200,53.850,890.886,41.500,888.633,28.061,886.202,17.416,883.894,5.399,881.506,-6.121,879.038,-15.462,876.619,-25.909,874.037,-33.603,871.567,-42.627,869.042,-51.664,866.500,-59.484,863.843,-65.613,861.183,-71.712,858.537,-77.824,854.404,-85.538,847.584,-96.157,835.373,-108.371,828.490,-112.848,820.917,-116.219,812.826,-119.655,805.506,-122.995,797.221,-126.434,790.095,-129.786,781.135,-133.236,770.621,-136.794,761.681,-140.220,750.652,-143.813,738.958,-147.402,728.911,-150.917,717.597,-154.511,705.711,-158.098,692.205,-161.826,679.004,-165.488,664.016,-169.274,645.755,-173.232,623.205,-177.395,596.784,-181.812,567.269,-186.338,542.143,-190.671,518.573,-194.905,496.505,-199.049,474.172,-203.244,451.837,-207.384,428.376,-211.635,403.560,-215.930,375.097,-220.422,344.963,-225.025,313.915,-229.631,286.928,-234.077,261.524,-238.396,239.893,-242.530,218.461,-246.663,194.405,-250.901,162.193,-255.627,119.869,-260.842,83.962,-265.745,54.267,-270.311,26.728,-274.742,-5.587,-279.474,-38.372,-284.172,-65.656,-288.622,-94.507,-293.137,-134.797,-298.255,-181.957,-303.628
-78.792,-497.215,-164.663,-491.938,-224.788,-486.283,-261.493,-480.628,-288.074,-474.972,-308.619,-469.317,-327.059,-463.661,-344.475,-458.005,-359.934,-452.350,-376.771,-446.694,-392.592,-441.039,-408.277,-435.383,-422.016,-429.728,-435.213,-424.072,-449.049,-418.417,-461.586,-412.761,-472.920,-407.106,-484.734,-401.290,-499.263,-394.025,-511.114,-387.987,-523.773,-380.984,-535.809,-374.604,-548.043,-368.040,-561.570,-361.213,-575.027,-355.532,-590.566,-349.877,-603.986,-344.221,-616.422,-338.459,-629.439,-331.111,-645.035,-321.171,-664.362,-307.499,-691.258,-286.172,-718.278,-262.069,-727.034,-253.415,-738.452,-241.321,-761.145,-214.028,-774.790,-194.732,-783.243,-180.624,-792.122,-166.089,-799.729,-152.827,-807.923,-138.977,-814.349,-126.896,-821.589,-114.000,-828.426,-101.508,-835.403,-88.875,-842.123,-76.498,-849.625,-62.876,-856.595,-48.701,-863.730,-34.927,-872.001,-17.995,-877.798,-5.133,-883.454,12.056,-889.110,35.767,-894.765,64.996,-900.186,103.124,-901.801,151.857,-897.126,207.975,-891.473,239.400,-885.818,261.396,-880.162,280.113,-874.507,297.152,-868.851,313.527,-863.196,328.965,-857.540,344.328,-851.885,359.427,-846.229,374.533,-840.574,389.647,-834.918,404.576,-829.263,417.941,-823.607,430.493,-817.952,443.444,-812.296,454.944,-806.623,466.272,-799.824,478.727,-791.336,492.977,-780.097,511.433,-769.156,528.470,-758.821,544.462,-747.046,561.892,-735.496,579.098,-722.611,597.639,-709.150,616.755,-690.273,641.162,-664.050,670.141,-629.033,704.338,-598.236,730.447,-575.500,747.532,-555.844,761.533,-537.518,774.204,-524.008,782.058,-510.839,789.572,-498.197,796.558,-486.825,802.251,-474.359,807.906,-461.150,813.562,-446.597,819.217,-432.620,824.873,-416.844,830.528,-399.887,836.184,-382.910,841.840,-365.241,847.495,-346.579,853.151,-326.457,858.806,-306.297,864.462,-284.646,870.117,-261.654,875.773,-237.952,881.428,-210.671,887.084,-173.284,892.730,-56.226,896.509,56.439,892.567,94.481,886.919,112.458,881.263,126.929,875.607,145.955,869.952,168.792,864.296,193.017,858.641,217.084,852.985,239.702,847.330,261.712,841.674,280.918,836.019,300.175,830.363,316.469,824.708,332.287,819.052,348.002,813.397,363.119,807.741,378.007,802.086,391.464,796.430,406.285,790.774,421.342,785.119,435.940,779.463,450.079,773.808,464.217,768.152,478.359,762.497,492.488,756.841,506.001,751.186,519.698,745.530,532.727,739.875,545.896,734.219,559.341,728.564,571.310,722.908,584.468,717.253,597.507,711.597,609.013,705.941,621.264,700.286,633.712,694.630,645.154,688.975,658.032,683.319,669.777,677.664,681.090,672.008,693.000,666.182,709.099,658.816,724.327,651.259,739.338,643.752,753.104,636.931,767.616,629.733,779.253,623.981,790.565,618.325,801.876,612.670,813.187,607.014,824.501,601.358,836.809,595.347,851.139,588.089,863.550,582.282,876.045,576.627,887.382,570.971,898.694,565.316,910.302,559.582,925.913,552.443,939.272,546.242,952.209,540.584,963.699,534.928,976.001,529.273,989.161,523.617,1001.816,517.962,1014.181,512.306,1026.558,506.650,1038.954,500.644,1057.563,491.795,1073.347,483.156,1087.502,474.672,1101.643,466.187,1115.888,457.597,1132.359,446.782,1154.723,430.055,1193.390,394.662,1225.781,357.855,1243.236,334.748,1255.575,316.753,1264.329,302.344,1271.974,289.043,1278.350,276.696,1285.456,262.260,1291.181,248.084,1296.794,228.101,1299.207,174.337,1294.383,125.933,1288.728,102.741,1283.073,82.752,1277.417,65.180,1271.762,49.174,1266.106,32.625,1260.451,17.673,1254.795,2.665,1249.140,-11.501,1243.420,-24.265,1235.591,-38.870,1226.221,-54.885,1216.746,-70.027,1205.634,-86.795,1191.335,-106.749,1171.188,-132.550,1129.137,-179.113,1065.126,-240.145,1041.395,-260.385,1020.412,-276.639,999.499,-291.901,980.783,-304.961,964.600,-315.489,949.725,-324.708,935.451,-333.327,922.969,-340.153,910.092,-347.375,897.250,-354.561,885.169,-360.937,870.782,-368.268,854.940,-376.592,839.962,-384.067,827.469,-389.758,816.124,-395.413,803.841,-401.069,791.210,-406.724,777.711,-412.380,764.277,-418.035,750.478,-423.691,736.323,-429.347,721.467,-435.002,706.970,-440.658,691.407,-446.313,674.474,-451.969,657.254,-457.624,637.993,-463.280,616.578,-468.935,590.602,-474.591,559.603,-480.246,523.264,-485.902,484.270,-491.557,428.757,-497.068,281.104,-499.444
228.933,-276.845,167.074,-280.782,124.031,-282.475,94.077,-282.743,72.000,-282.156,51.348,-281.380,31.503,-280.565,13.821,-279.462,-1.679,-278.154,-16.930,-276.806,-31.261,-275.348,-41.956,-273.522,-51.220,-271.489,-60.455,-269.506,-67.978,-267.297,-76.937,-265.261,-84.384,-263.066,-90.688,-260.717,-96.984,-258.414,-103.286,-256.060,-109.583,-253.743,-115.882,-251.411,-122.212,-249.076,-130.074,-246.921,-139.107,-243.382,-147.608,-240.682,-155.235,-237.294,-162.560,-234.144,-168.861,-231.819,-175.522,-229.182,-186.567,-223.070,-197.969,-216.623,-216.925,-204.045,-249.427,-176.987,-268.260,-159.168,-277.455,-149.054,-285.883,-139.596,-290.741,-132.952,-296.137,-125.916,-299.813,-120.240,-304.443,-113.798,-309.436,-107.085,-313.054,-101.435,-316.864,-95.214,-322.629,-86.428,-326.563,-80.526,-330.209,-74.883,-333.835,-69.238,-337.503,-63.598,-341.116,-57.951,-344.775,-52.310,-348.409,-46.666,-352.076,-40.752,-355.926,-33.347,-359.561,-27.525,-363.432,-20.041,-367.079,-14.172,-370.917,-6.811,-374.699,0.087,-378.497,7.289,-382.706,17.870,-387.150,31.087,-392.083,48.315,-397.715,72.164,-404.968,111.404,-413.204,191.624,-413.262,219.384,-412.473,239.972,-411.178,255.516,-409.589,268.646,-407.909,280.877,-406.053,291.378,-404.024,300.635,-401.898,308.537,-399.797,317.116,-397.806,326.408,-395.804,335.693,-393.786,344.943,-391.628,352.596,-389.271,358.902,-386.963,365.199,-384.574,371.559,-380.758,379.710,-377.318,387.406,-370.988,398.666,-365.064,409.478,-357.348,422.465,-346.627,439.238,-335.716,456.234,-321.150,477.715,-314.930,485.400,-295.612,510.321,-273.314,534.979,-257.974,550.722,-248.150,559.574,-241.388,564.597,-232.435,571.597,-223.264,578.013,-216.958,581.941,-207.014,587.814,-199.817,591.915,-191.594,595.848,-184.335,599.647,-173.848,603.848,-162.182,608.126,-149.779,612.523,-133.800,617.296,-118.644,621.974,-100.496,627.007,-82.545,631.971,-62.615,637.207,-43.543,642.308,-23.024,647.586,-1.579,652.969,23.523,658.729,84.657,668.312,182.448,677.303,215.334,677.878,234.877,677.007,252.319,675.907,266.775,674.455,279.084,672.813,288.949,670.847,298.249,668.863,307.869,666.892,317.951,664.972,325.935,662.844,332.746,660.542,339.118,658.248,347.198,656.097,354.811,653.917,362.414,651.735,370.484,649.584,376.953,647.299,385.102,645.145,392.785,642.985,400.317,640.783,408.311,638.635,414.669,636.326,421.592,634.039,429.438,631.903,438.910,628.655,446.411,625.587,452.712,623.258,459.013,620.914,465.318,618.602,473.164,615.006,480.743,611.667,488.892,607.846,497.705,603.497,509.242,596.977,518.963,591.881,529.140,586.465,540.632,579.951,555.407,570.831,596.427,540.123,633.172,510.131,638.141,505.979,646.755,498.882,665.288,481.451,675.252,470.727,683.575,461.327,690.043,453.427,696.418,445.570,701.854,438.512,707.496,431.244,712.699,424.358,719.272,416.363,723.359,410.352,728.721,403.348,733.563,396.717,738.918,389.719,742.575,384.052,746.284,377.793,750.319,368.661,754.122,361.346,757.913,354.599,761.697,347.435,765.354,341.769,768.993,336.125,772.650,330.250,776.510,322.799,780.292,315.622,784.082,308.852,788.017,300.406,791.988,291.778,796.059,282.298,800.181,272.098,804.839,257.448,810.550,223.577,811.317,192.502,810.834,169.409,809.751,151.823,808.381,136.614,807.061,121.366,805.424,108.520,803.761,96.280,801.822,86.381,799.528,79.692,797.390,71.654,794.038,60.759,791.369,52.194,789.071,45.451,786.926,37.516,784.635,30.915,782.482,22.838,779.670,15.718,776.174,5.322,772.456,-4.701,769.895,-11.318,767.559,-17.620,764.488,-24.860,754.246,-40.878,745.358,-52.244,731.957,-71.441,726.201,-79.076,714.350,-97.145,701.354,-114.939,689.427,-126.551,681.017,-133.673,674.709,-138.121,668.108,-142.965,661.274,-148.054,652.484,-153.810,646.277,-157.613,638.697,-161.974,629.173,-167.626,622.176,-171.438,615.238,-175.219,607.051,-179.153,599.907,-182.934,591.345,-186.924,581.087,-191.052,570.343,-195.262,558.735,-199.560,547.092,-203.847,534.880,-208.233,521.602,-212.685,506.420,-217.394,494.332,-221.733,482.419,-226.061,467.370,-230.747,446.590,-236.027,424.502,-241.502,398.015,-247.410,369.429,-253.581,339.827,-259.853,304.872,-266.701,258.451,-274.697
357.544,-302.118,307.570,-298.963,254.267,-295.636,204.399,-292.303,161.523,-288.964,128.427,-285.603,101.249,-282.239,76.908,-278.868,53.658,-275.494,31.285,-272.124,9.298,-268.746,-10.080,-265.369,-31.734,-261.996,-53.069,-258.617,-73.538,-255.245,-94.054,-251.866,-116.166,-248.492,-137.009,-245.118,-157.445,-241.737,-177.912,-238.365,-198.357,-234.986,-218.792,-231.609,-237.919,-228.233,-257.551,-224.852,-276.434,-221.476,-293.912,-218.094,-305.443,-214.702,-315.680,-211.314,-325.042,-207.916,-332.007,-204.521,-338.827,-201.124,-345.648,-197.725,-352.468,-194.331,-359.289,-190.931,-366.111,-187.533,-373.997,-183.075,-385.624,-174.882,-398.719,-165.226,-419.248,-146.134,-430.904,-131.347,-437.804,-121.064,-443.217,-112.270,-449.309,-102.510,-454.525,-92.178,-459.614,-83.598,-463.102,-76.715,-466.524,-69.871,-469.942,-61.501,-473.362,-54.067,-476.784,-44.998,-480.202,-36.173,-483.627,-27.478,-487.046,-18.924,-490.466,-10.502,-493.889,-2.130,-497.305,6.198,-500.727,13.086,-504.146,21.517,-507.564,28.767,-510.986,36.206,-514.403,44.723,-517.828,54.321,-521.250,64.088,-524.669,72.696,-528.097,83.526,-531.519,95.183,-534.945,106.495,-538.375,120.520,-541.805,137.052,-545.238,154.485,-546.812,213.713,-543.733,262.100,-540.370,291.775,-536.995,311.352,-533.608,327.617,-530.226,342.623,-526.835,353.949,-523.443,365.338,-520.052,374.138,-516.654,382.484,-513.260,390.953,-509.866,399.432,-506.466,406.340,-503.075,414.638,-499.676,422.081,-496.279,428.902,-492.883,435.723,-489.482,442.543,-486.089,449.364,-482.690,456.184,-479.291,463.006,-475.300,470.425,-470.197,478.952,-464.050,488.534,-457.669,498.346,-452.371,507.072,-443.840,519.045,-434.839,531.483,-421.806,547.971,-404.266,568.964,-386.039,588.915,-376.775,597.856,-359.837,611.625,-350.556,617.520,-341.954,622.734,-334.187,626.497,-325.891,629.914,-318.148,633.336,-310.146,636.756,-303.192,640.172,-293.926,643.598,-285.223,647.015,-276.569,650.438,-267.481,653.859,-257.415,657.280,-248.983,660.705,-237.054,664.127,-221.085,667.560,-195.862,671.007,-152.202,674.479,-105.429,677.961,-61.049,681.434,-17.853,684.908,27.486,688.387,69.150,691.854,112.812,695.332,161.188,698.812,222.001,702.284,337.161,702.915,396.835,699.683,433.269,696.328,455.880,692.956,471.488,689.573,484.835,686.182,497.971,682.799,509.200,679.406,520.566,676.015,530.805,672.625,541.030,669.229,551.261,665.841,561.488,662.447,571.716,659.054,581.791,655.665,590.205,652.266,600.284,648.877,610.511,645.484,620.722,642.090,629.538,638.700,638.242,635.301,646.806,631.908,654.220,628.499,664.118,623.787,671.971,619.608,679.117,615.883,688.803,609.630,699.050,602.818,710.672,594.631,724.018,584.731,738.553,573.641,751.738,563.899,765.977,553.107,782.956,539.579,801.119,524.878,823.099,506.354,845.342,485.752,864.976,463.172,875.686,447.613,881.152,438.143,886.168,429.738,890.608,421.773,894.039,413.155,897.453,406.158,900.875,398.362,904.410,389.802,909.589,376.883,913.268,365.653,916.686,356.975,920.111,346.248,923.536,335.475,926.958,323.742,930.394,307.560,933.827,289.530,937.271,265.892,940.730,233.452,944.329,204.948,945.977,195.095,941.633,175.070,938.243,155.259,934.859,141.398,931.465,130.331,928.078,118.534,924.686,107.788,921.292,97.561,917.903,87.494,914.505,79.127,911.112,70.644,907.717,62.030,904.321,53.381,900.928,46.304,897.527,39.484,894.131,32.663,890.734,25.843,887.176,18.864,881.935,9.952,876.813,-0.362,872.916,-7.802,868.954,-15.192,864.024,-23.546,859.715,-31.284,853.441,-40.989,848.292,-49.565,841.553,-59.741,833.058,-71.671,820.298,-87.813,809.831,-99.252,794.098,-114.061,766.966,-137.926,750.910,-150.622,736.108,-162.053,722.882,-171.907,713.432,-177.976,702.255,-185.770,693.415,-191.227,683.843,-197.414,675.342,-202.528,666.805,-207.680,657.385,-213.713,648.749,-218.965,640.134,-224.192,631.495,-229.443,622.984,-234.571,614.657,-239.507,606.566,-244.211,598.590,-248.799,590.831,-253.166,583.810,-256.799,575.219,-262.001,568.281,-265.548,561.471,-268.967,554.661,-272.382,547.851,-275.804,540.681,-279.220,532.193,-282.641,524.705,-286.062,514.573,-289.481,502.444,-292.911,488.414,-296.338,469.932,-299.774,428.272,-303.074
415.263,-455.054,362.406,-454.199,316.020,-452.694,288.296,-450.108,272.898,-446.808,258.979,-443.422,245.255,-440.024,230.403,-436.692,215.538,-433.361,200.679,-430.030,186.548,-426.656,171.946,-423.309,157.077,-419.978,142.313,-416.641,129.134,-413.212,114.575,-409.863,99.797,-406.527,86.601,-403.099,72.081,-399.748,57.295,-396.412,44.140,-392.982,30.680,-389.569,16.512,-386.198,3.046,-382.785,-11.716,-379.448,-25.008,-376.026,-38.864,-372.636,-52.701,-369.245,-66.046,-365.826,-79.793,-362.430,-93.096,-359.008,-106.890,-355.615,-119.721,-352.166,-132.499,-348.714,-145.277,-345.262,-158.054,-341.809,-170.832,-338.357,-183.571,-334.903,-194.932,-331.368,-206.637,-327.854,-217.774,-324.307,-228.673,-320.746,-237.352,-317.056,-245.955,-313.359,-255.526,-308.799,-269.145,-300.635,-284.509,-290.916,-296.493,-284.208,-309.493,-276.595,-322.605,-268.882,-338.881,-258.352,-356.830,-246.331,-378.680,-230.838,-406.024,-210.452,-447.011,-177.396,-488.742,-138.282,-498.924,-125.265,-504.563,-116.281,-509.228,-108.153,-513.967,-98.722,-518.798,-87.695,-523.645,-76.404,-528.610,-63.081,-533.598,-49.340,-538.770,-32.449,-543.997,-14.585,-549.439,6.983,-555.131,32.861,-561.162,64.579,-567.608,103.478,-575.741,172.691,-584.140,308.855,-582.727,354.151,-579.753,375.188,-576.539,392.079,-573.219,407.138,-569.830,421.008,-566.453,435.079,-562.958,447.116,-559.424,458.482,-555.874,469.575,-552.360,481.279,-548.788,491.992,-545.215,502.681,-541.637,513.294,-537.971,522.381,-534.357,532.584,-529.608,542.841,-525.029,552.434,-521.098,561.299,-514.771,572.855,-508.739,584.079,-501.090,597.120,-491.465,612.378,-477.804,632.169,-442.737,674.802,-402.884,716.457,-386.978,729.872,-373.109,740.997,-361.860,749.179,-352.491,755.250,-341.678,762.943,-332.471,768.832,-323.221,774.769,-315.092,779.447,-306.977,784.110,-298.509,788.793,-288.708,793.554,-279.166,798.299,-268.667,803.100,-257.452,807.942,-243.948,812.917,-228.003,818.034,-209.530,823.297,-188.205,828.725,-162.030,834.434,-132.349,840.346,-93.567,846.783,-17.409,853.985,57.504,855.130,93.726,853.038,118.477,850.280,140.184,847.345,157.519,844.157,173.218,840.874,186.407,837.446,200.874,834.091,213.871,830.652,226.649,827.200,239.426,823.748,252.204,820.295,265.135,816.852,279.748,813.506,294.617,810.175,309.350,806.836,321.553,803.351,332.142,799.772,341.034,796.095,349.633,792.400,358.232,788.706,366.849,784.996,376.817,780.083,386.271,775.627,396.221,770.730,407.311,764.818,418.908,758.455,430.726,751.893,441.939,745.872,453.568,739.480,465.354,732.948,476.567,726.926,488.217,720.515,499.048,714.833,511.003,708.150,522.889,701.529,534.817,694.871,546.739,688.218,558.639,681.584,571.639,673.971,583.628,667.258,595.472,660.675,608.308,653.207,619.540,647.169,632.284,639.783,644.514,632.856,657.912,624.889,669.422,618.602,682.137,611.243,694.294,604.380,705.969,597.947,718.972,590.332,732.084,582.618,746.090,574.110,758.834,566.725,773.342,557.769,788.967,547.818,809.117,533.749,830.811,514.728,845.514,497.838,852.962,487.243,862.725,474.586,873.184,461.310,884.456,447.310,894.571,434.340,903.429,422.490,910.488,412.241,916.240,403.156,920.913,395.031,925.606,386.397,930.386,376.251,935.170,366.046,939.984,355.325,944.944,342.080,949.878,329.275,954.902,314.925,960.039,298.625,965.519,276.404,971.603,243.767,978.133,199.314,982.551,132.948,987.823,14.098,986.031,-26.769,983.565,-56.568,980.812,-81.413,977.686,-99.831,974.270,-113.220,970.647,-123.052,967.051,-133.345,963.364,-142.073,959.600,-150.749,954.336,-161.111,948.609,-171.993,941.464,-184.467,934.159,-197.122,923.566,-213.468,909.485,-233.709,882.243,-266.000,861.695,-285.058,850.489,-293.193,840.403,-300.068,830.321,-306.940,820.701,-313.293,812.527,-318.022,803.977,-323.174,794.379,-329.502,786.165,-334.276,776.724,-340.422,766.722,-346.269,755.004,-352.771,744.732,-357.637,735.350,-362.374,726.417,-367.084,716.921,-371.826,707.010,-376.593,696.806,-381.377,686.687,-386.156,678.141,-390.844,668.299,-395.606,658.172,-400.386,648.985,-405.111,639.403,-409.858,629.005,-414.653,618.401,-419.460,607.506,-424.284,594.237,-429.245,581.243,-434.191,564.727,-439.340,544.539,-444.702,501.536,-451.112
45.626,-258.657,-4.851,-256.104,-39.744,-253.360,-71.352,-250.550,-97.412,-247.803,-122.585,-245.031,-142.512,-242.196,-158.514,-239.435,-172.715,-236.632,-186.185,-233.786,-196.412,-231.017,-206.897,-228.198,-217.527,-225.354,-226.183,-222.582,-236.121,-219.754,-243.166,-216.910,-251.664,-214.138,-260.151,-211.299,-268.641,-208.466,-277.193,-205.693,-285.672,-202.848,-294.153,-200.022,-301.216,-197.246,-309.084,-194.391,-317.590,-191.573,-326.140,-188.799,-334.198,-185.939,-341.048,-183.125,-349.454,-180.343,-356.086,-177.479,-363.427,-174.674,-370.727,-171.882,-376.892,-169.017,-382.566,-166.216,-388.241,-163.413,-393.970,-160.493,-401.428,-155.923,-408.205,-152.014,-416.774,-146.266,-427.439,-138.511,-441.516,-127.325,-465.721,-105.945,-476.510,-95.365,-485.231,-87.202,-507.434,-62.308,-520.546,-46.467,-534.916,-29.319,-543.359,-18.055,-549.137,-9.517,-553.034,-2.758,-558.357,6.999,-562.666,14.541,-565.497,21.321,-568.333,27.982,-571.222,33.647,-574.037,40.477,-576.880,47.290,-579.775,55.336,-582.585,63.874,-585.440,72.368,-588.329,80.831,-591.141,90.702,-594.009,101.996,-596.900,114.619,-599.730,133.318,-602.653,166.557,-605.319,213.997,-603.554,250.643,-600.782,291.395,-597.990,317.922,-595.245,339.205,-592.413,355.385,-589.597,367.232,-586.830,378.600,-583.976,388.040,-581.165,398.207,-578.384,405.246,-575.523,412.755,-572.712,419.591,-569.923,426.409,-567.058,432.085,-564.252,437.759,-561.453,443.572,-558.540,451.130,-553.982,458.711,-550.853,464.709,-544.548,473.835,-520.005,498.988,-504.054,512.212,-495.385,518.120,-486.932,523.730,-477.575,530.286,-469.373,535.724,-461.467,540.780,-453.946,545.500,-448.143,548.521,-440.653,553.159,-434.816,556.195,-429.021,559.200,-421.531,563.838,-415.724,566.852,-410.048,569.716,-402.396,573.026,-391.233,578.626,-382.566,582.491,-375.368,585.298,-369.102,588.183,-362.559,591.033,-355.602,593.840,-347.700,596.735,-340.138,599.580,-332.775,602.395,-323.887,605.292,-313.740,608.134,-305.054,610.960,-294.769,613.860,-285.009,616.694,-273.672,619.534,-262.427,622.435,-249.921,625.268,-237.393,628.117,-223.789,631.024,-209.478,633.852,-193.415,636.717,-176.031,639.632,-153.435,642.471,-124.323,645.371,-72.320,648.351,43.112,651.388,168.569,654.501,280.583,657.602,367.114,659.705,395.835,659.748,456.141,657.655,497.622,654.866,530.962,652.130,566.107,649.383,604.305,646.588,639.178,643.862,668.580,641.096,694.929,638.275,715.101,635.525,730.589,632.722,739.212,629.869,744.945,627.090,750.619,624.258,756.293,621.407,761.968,618.628,767.643,615.789,774.040,612.946,781.090,610.170,786.774,607.323,792.449,604.487,798.123,601.708,803.797,598.853,809.472,596.024,815.148,593.244,822.041,589.169,829.748,585.225,839.038,580.042,846.322,575.576,853.995,570.772,862.485,565.178,872.375,558.114,882.240,551.135,897.852,538.440,916.077,522.121,933.939,501.762,940.574,492.310,943.569,486.544,948.177,479.096,951.280,473.170,954.169,467.508,956.977,461.846,959.822,456.183,962.710,449.941,965.516,442.768,968.370,436.829,971.252,429.372,974.055,423.605,976.920,415.923,979.796,408.152,982.602,401.010,985.476,392.547,988.348,383.280,991.166,370.315,994.071,351.281,996.975,323.062,999.841,287.596,1002.781,255.705,1005.245,220.902,1003.414,141.988,1000.643,92.108,997.863,68.794,995.105,49.332,992.259,34.762,989.466,21.574,986.682,10.271,983.824,1.312,981.031,-8.244,978.232,-16.202,975.372,-24.206,972.582,-31.623,969.775,-38.968,966.910,-45.074,964.124,-50.748,961.285,-56.443,956.890,-63.654,953.156,-70.287,947.714,-78.589,941.992,-87.139,935.135,-96.909,921.199,-113.179,903.237,-129.092,891.888,-137.606,881.196,-145.523,873.678,-150.253,865.231,-155.853,855.609,-162.702,845.928,-169.597,835.652,-177.033,827.069,-182.847,820.444,-186.666,814.233,-190.020,807.034,-194.450,800.435,-197.317,793.496,-200.129,785.575,-203.023,777.069,-205.866,768.543,-208.688,759.635,-211.585,749.469,-214.423,739.166,-217.257,727.923,-220.159,716.508,-222.992,703.342,-225.840,689.822,-228.746,677.129,-231.575,662.971,-234.432,649.479,-237.338,636.655,-240.159,617.025,-243.036,576.372,-245.996,525.144,-248.896,450.919,-251.897,319.796,-254.823,197.012,-254.213,105.443,-256.920,66.589,-259.710
220.407,-131.323,177.569,-129.136,137.422,-126.809,98.515,-124.482,63.282,-122.267,26.894,-120.059,-6.962,-117.851,-37.142,-115.644,-62.252,-113.436,-82.296,-111.228,-100.792,-109.020,-116.745,-106.713,-128.387,-104.386,-137.706,-102.059,-148.148,-99.732,-153.352,-97.404,-159.989,-95.077,-166.732,-92.750,-173.092,-90.508,-178.306,-88.300,-184.281,-86.092,-188.818,-83.884,-193.353,-81.676,-198.146,-79.210,-204.521,-75.163,-209.077,-72.862,-214.266,-69.882,-221.126,-65.230,-227.989,-60.574,-236.130,-54.641,-246.800,-46.179,-256.680,-38.507,-299.874,3.265,-314.021,19.734,-320.785,28.825,-325.411,35.777,-329.827,42.520,-334.243,49.263,-338.366,55.714,-340.649,60.280,-342.976,64.815,-345.304,69.350,-347.631,73.885,-349.958,78.619,-352.285,85.236,-354.612,91.979,-356.909,98.753,-359.117,106.780,-361.325,119.080,-363.533,131.928,-365.740,145.866,-367.948,169.100,-369.591,198.518,-367.449,224.804,-365.122,241.473,-362.795,251.233,-360.468,260.041,-358.141,266.776,-355.813,271.679,-353.486,278.054,-351.162,282.636,-348.955,287.171,-346.747,291.706,-344.539,296.241,-342.148,300.959,-338.100,307.333,-335.524,312.237,-331.477,318.612,-328.130,324.177,-318.998,335.517,-305.042,351.681,-291.070,367.860,-270.189,390.504,-251.789,406.898,-241.459,415.021,-234.369,419.808,-229.549,422.301,-225.014,424.509,-220.479,426.717,-215.943,428.925,-211.406,431.132,-205.138,433.340,-198.357,435.630,-191.693,437.957,-186.789,440.284,-180.247,442.612,-173.504,444.939,-166.761,447.266,-159.716,449.593,-151.091,451.852,-143.579,454.060,-135.246,456.268,-127.319,458.476,-118.129,460.684,-107.461,462.892,-95.948,465.100,-86.434,467.362,-77.415,469.689,-66.512,472.016,-55.196,474.344,-41.591,476.671,-17.638,478.998,49.719,481.325,81.889,483.611,113.149,485.819,140.154,488.027,165.634,490.235,189.887,492.443,210.180,494.651,228.677,496.859,245.193,499.094,260.767,501.421,276.342,503.748,291.769,506.076,305.504,508.403,320.947,510.730,336.803,513.057,354.625,515.371,373.676,517.579,395.259,519.786,418.405,521.994,438.033,524.202,455.589,526.410,472.533,528.618,513.841,530.185,535.649,527.864,547.451,525.537,554.657,523.209,561.400,520.882,567.917,518.555,572.550,516.228,577.088,513.898,583.457,509.842,588.273,507.353,593.072,504.881,601.463,498.817,608.796,493.812,619.481,485.449,626.121,477.640,629.946,474.795,637.840,464.863,644.578,455.798,649.362,448.686,655.834,439.888,661.936,431.458,664.575,426.492,669.129,419.689,673.119,413.491,676.320,408.082,679.892,402.302,682.223,397.764,686.043,391.735,688.994,386.577,691.256,382.042,693.464,377.507,695.672,372.970,697.880,367.380,700.088,361.784,702.296,357.245,704.504,351.033,706.763,346.059,709.090,341.457,711.417,335.082,713.744,330.335,716.074,325.597,719.847,317.777,722.844,312.203,725.134,305.842,727.404,301.242,731.451,294.867,733.877,290.115,736.085,285.580,738.292,281.045,740.500,276.509,742.732,271.974,745.629,266.813,749.503,258.790,751.832,252.191,754.159,247.287,756.487,240.678,758.814,233.935,761.138,227.175,765.678,219.565,765.532,213.375,760.483,177.960,758.152,162.949,755.825,153.721,753.498,144.770,751.171,135.819,748.960,126.637,746.752,118.177,744.544,110.375,742.336,101.189,740.128,93.350,737.920,84.926,735.712,75.737,733.402,66.794,731.075,59.768,728.748,53.025,726.420,46.457,724.091,41.772,720.229,35.702,717.317,30.582,713.214,24.183,708.718,17.359,702.337,8.651,694.860,-1.150,677.948,-17.777,670.812,-22.588,666.212,-24.861,661.226,-27.595,654.367,-32.246,648.371,-36.034,642.761,-39.437,637.180,-42.809,631.154,-46.627,624.292,-51.281,617.517,-55.787,612.614,-58.363,606.124,-62.526,599.541,-66.782,594.842,-69.153,590.307,-71.361,585.772,-73.569,580.812,-76.229,572.048,-80.879,563.908,-84.714,559.157,-87.044,554.622,-89.371,550.087,-91.698,545.263,-94.025,538.901,-96.318,534.362,-98.526,529.032,-100.734,523.174,-102.942,517.426,-105.150,510.565,-107.358,503.703,-109.566,496.851,-111.794,488.213,-114.121,479.262,-116.448,469.877,-118.775,455.029,-121.103,441.528,-123.430,427.604,-125.757,410.203,-128.077,395.617,-130.285,332.611,-132.304,227.047,-131.510
208.304,-319.191,143.041,-318.016,46.566,-316.442,-36.682,-313.413,-69.063,-310.066,-90.066,-306.649,-105.889,-303.203,-117.163,-299.727,-127.816,-296.247,-138.131,-292.768,-146.960,-289.277,-155.035,-285.781,-162.504,-282.284,-171.289,-278.794,-178.484,-275.292,-185.605,-271.793,-193.905,-268.300,-201.928,-264.803,-209.039,-261.304,-216.149,-257.804,-223.258,-254.302,-230.778,-250.805,-239.527,-247.315,-246.709,-243.808,-254.851,-239.288,-263.046,-234.715,-270.163,-231.206,-277.387,-227.592,-286.884,-221.733,-297.855,-214.416,-311.462,-204.497,-325.726,-193.929,-342.716,-180.665,-361.457,-164.712,-366.954,-158.833,-375.293,-151.053,-392.972,-131.194,-406.296,-114.513,-414.257,-103.124,-420.869,-93.070,-424.851,-85.615,-429.380,-77.606,-434.690,-67.668,-439.857,-58.120,-443.474,-50.640,-447.070,-41.916,-450.659,-34.773,-454.245,-27.707,-457.832,-20.641,-461.420,-13.529,-465.016,-4.854,-468.614,4.105,-472.224,14.648,-475.831,25.258,-479.439,35.869,-483.050,46.535,-486.667,58.765,-490.279,69.992,-493.905,83.292,-497.538,97.970,-501.233,118.629,-505.483,145.610,-502.323,195.922,-498.851,223.222,-495.396,238.173,-491.929,250.716,-488.468,264.144,-484.987,274.692,-481.514,286.364,-478.030,295.826,-474.549,306.525,-471.054,314.457,-467.564,323.114,-464.068,331.225,-460.575,339.489,-457.084,348.043,-453.587,355.912,-450.097,364.749,-446.608,373.631,-443.117,382.406,-439.626,391.198,-436.138,400.080,-432.647,408.946,-429.146,416.170,-425.647,423.279,-421.669,430.871,-415.087,441.098,-407.217,452.632,-398.937,464.579,-390.202,476.985,-377.863,493.043,-365.029,509.600,-352.322,526.026,-337.061,545.020,-300.788,582.971,-287.408,595.835,-272.526,607.573,-259.707,616.983,-249.776,623.468,-242.045,627.638,-231.645,632.905,-224.159,636.571,-217.092,640.160,-209.455,643.751,-200.869,647.345,-193.673,650.934,-184.875,654.532,-176.036,658.128,-167.301,661.726,-158.531,665.324,-148.208,668.930,-137.599,672.539,-126.990,676.148,-116.379,679.755,-105.768,683.364,-94.516,686.978,-82.454,690.594,-71.694,694.204,-59.301,697.824,-46.583,701.444,-32.449,705.074,-16.824,708.715,9.311,712.416,55.895,716.244,120.814,719.785,190.651,718.122,229.161,714.816,256.232,711.436,277.321,708.022,295.436,704.588,311.433,701.140,330.185,697.712,348.009,694.277,366.544,690.844,383.864,687.407,399.973,683.962,415.935,680.514,427.367,677.040,438.351,673.564,447.356,670.073,454.633,666.575,461.742,663.075,468.859,659.565,477.071,654.975,485.196,650.472,492.319,646.956,500.556,642.342,508.656,637.864,516.114,634.017,524.918,628.842,532.119,625.253,539.591,621.392,548.526,616.087,557.513,610.734,564.830,607.026,573.292,602.188,583.107,596.016,590.808,591.930,599.733,586.635,609.473,580.537,618.573,575.069,631.916,565.407,654.290,545.732,696.737,501.110,725.146,469.524,742.817,448.652,750.704,439.850,763.697,424.033,777.064,407.303,787.496,393.476,797.754,379.820,806.469,367.687,813.136,357.579,818.693,348.569,825.724,338.099,831.214,329.153,837.783,319.142,843.058,310.407,847.842,302.158,851.641,294.885,857.018,286.049,860.746,278.843,864.553,271.526,870.903,260.165,875.774,251.174,879.383,242.276,882.983,233.019,886.592,222.268,890.218,208.963,893.880,189.470,897.904,164.194,904.464,155.163,900.662,148.458,896.325,87.924,892.943,60.535,889.525,39.745,886.116,17.438,882.663,2.792,879.177,-6.813,875.687,-15.776,872.189,-23.131,868.688,-30.241,865.000,-37.539,859.653,-46.518,853.826,-55.982,846.810,-66.648,838.867,-78.256,830.147,-90.649,821.154,-103.316,809.439,-118.741,793.095,-138.551,767.508,-162.883,753.606,-173.392,743.449,-180.108,734.612,-185.489,725.795,-190.847,715.914,-197.283,707.083,-202.658,699.260,-206.995,688.617,-212.926,678.948,-218.312,671.855,-221.923,664.789,-225.510,657.723,-229.098,650.640,-232.684,642.253,-236.278,633.544,-239.877,625.218,-243.471,616.610,-247.066,606.933,-250.671,597.538,-254.272,586.940,-257.879,576.333,-261.489,566.244,-265.094,557.199,-268.691,546.621,-272.301,536.012,-275.910,525.398,-279.517,513.822,-283.133,500.958,-286.755,487.033,-290.383,472.530,-294.016,457.240,-297.653,441.379,-301.292,424.622,-304.940,405.664,-308.600,382.406,-312.284,350.298,-316.024,292.602,-319.725
143.754,-327.891,65.721,-332.740,11.439,-334.871,-24.637,-335.075,-54.746,-334.648,-78.927,-333.594,-102.024,-332.426,-124.263,-331.165,-144.697,-329.716,-162.413,-327.978,-176.980,-325.906,-187.798,-323.438,-198.290,-320.937,-207.654,-318.315,-218.622,-315.863,-229.368,-313.388,-238.647,-310.758,-247.850,-308.118,-257.141,-305.490,-266.466,-302.865,-275.878,-300.247,-285.242,-297.626,-294.544,-294.999,-302.830,-292.263,-312.086,-289.629,-320.224,-286.879,-329.389,-284.236,-337.050,-281.434,-346.184,-278.788,-354.131,-276.018,-361.653,-273.200,-369.203,-270.387,-378.184,-267.726,-386.316,-264.973,-393.840,-262.156,-401.362,-259.341,-408.887,-256.525,-417.265,-253.789,-427.261,-250.101,-435.907,-246.391,-446.149,-241.375,-462.383,-231.513,-478.778,-221.503,-495.420,-208.957,-508.313,-195.443,-518.453,-183.976,-524.272,-175.834,-528.803,-167.228,-533.382,-158.090,-538.086,-147.758,-542.915,-136.266,-548.054,-121.837,-553.326,-106.132,-558.729,-89.204,-564.192,-71.725,-569.703,-53.761,-575.494,-33.167,-581.431,-11.192,-587.459,11.641,-593.977,39.116,-603.163,92.176,-611.756,168.714,-611.661,201.114,-610.202,221.469,-608.248,237.154,-606.137,251.336,-603.889,264.227,-601.526,276.037,-599.021,286.511,-596.241,294.366,-593.542,302.995,-590.828,311.497,-588.013,319.022,-585.197,326.546,-582.194,335.341,-578.177,347.585,-575.316,355.625,-572.499,363.148,-569.683,370.702,-566.247,380.676,-562.408,390.116,-559.579,397.654,-556.763,405.176,-553.921,412.731,-549.760,421.915,-546.437,430.064,-542.810,438.588,-534.393,452.410,-526.590,462.842,-507.514,484.141,-489.741,502.085,-475.565,515.575,-464.232,525.550,-454.106,534.034,-443.517,543.088,-433.577,551.340,-424.911,558.018,-416.591,564.267,-409.119,569.467,-401.104,575.340,-394.317,579.693,-387.550,584.020,-380.649,588.363,-372.137,592.876,-365.139,597.228,-357.132,601.687,-348.617,606.201,-338.473,610.886,-329.300,615.467,-317.907,620.285,-306.795,625.073,-293.187,630.124,-279.275,635.208,-264.600,640.374,-246.892,645.858,-227.428,651.529,-204.473,657.571,-178.760,663.903,-149.165,670.645,-117.947,677.560,-83.190,684.850,-46.098,692.385,6.606,701.523,71.291,708.582,146.758,713.018,257.419,721.113,296.589,721.643,323.056,720.831,346.674,719.719,369.121,718.481,390.899,717.172,410.792,715.665,428.725,713.950,442.472,711.791,453.236,709.318,463.918,706.837,474.058,704.297,483.994,701.736,493.613,699.142,502.994,696.522,512.371,693.901,520.107,691.108,527.631,688.292,535.996,685.564,544.756,682.879,552.338,680.032,563.175,675.542,578.029,669.912,590.218,664.927,597.954,661.962,605.732,658.937,615.175,654.569,622.873,651.611,632.051,647.455,640.203,644.129,647.779,641.270,657.055,637.035,665.299,633.634,674.758,629.252,682.482,626.273,691.577,622.183,699.819,618.786,708.069,615.381,717.157,611.298,724.883,608.317,734.677,603.914,745.910,599.660,755.509,595.269,764.347,591.749,776.573,587.737,785.725,584.468,795.131,580.131,802.775,577.217,810.748,574.035,821.626,568.505,833.245,562.377,849.433,552.552,867.021,541.595,882.478,532.363,897.292,523.650,914.979,512.481,932.226,497.839,942.788,486.057,951.275,475.928,958.153,467.073,964.681,456.848,969.752,444.646,975.786,421.763,982.377,393.592,988.978,365.334,995.896,334.093,1003.892,289.710,1008.045,235.712,1006.882,212.609,1004.789,198.245,1002.379,186.883,999.924,175.946,997.300,166.604,994.791,156.180,992.025,148.191,989.305,139.741,986.672,130.492,984.017,121.453,981.330,112.700,978.807,102.396,976.220,92.713,973.633,83.027,970.564,75.107,965.987,65.407,958.663,52.310,948.317,35.478,928.379,7.006,916.729,-8.470,899.083,-33.966,868.289,-76.080,844.909,-106.784,829.815,-124.655,813.595,-141.078,803.140,-149.966,795.428,-155.463,788.549,-159.806,780.080,-164.315,772.697,-168.707,764.256,-173.212,756.654,-177.629,748.553,-182.098,741.581,-186.447,732.980,-190.970,723.857,-195.547,714.947,-200.101,705.265,-204.738,694.928,-209.444,684.589,-214.149,674.090,-218.872,661.219,-223.846,648.891,-228.762,633.891,-233.960,615.243,-239.546,588.609,-245.976,553.966,-253.252,517.810,-260.690,484.908,-267.783,448.080,-275.290,410.407,-282.888,372.490,-290.512,337.797,-297.794,303.035,-305.083,261.911,-313.046,201.766,-322.816
150.815,-302.732,116.795,-301.312,98.434,-298.728,80.575,-295.563,66.486,-292.369,53.051,-289.177,39.297,-285.985,25.506,-282.792,13.292,-279.595,1.150,-276.390,-10.478,-273.194,-20.310,-269.974,-30.124,-266.771,-39.176,-263.545,-46.075,-260.326,-54.446,-257.100,-62.686,-253.884,-69.716,-250.654,-76.649,-247.428,-84.852,-244.208,-91.463,-240.977,-98.006,-237.752,-104.549,-234.517,-111.219,-231.296,-119.734,-227.931,-128.290,-222.875,-134.969,-219.503,-141.512,-216.280,-148.345,-212.758,-156.633,-207.806,-163.643,-204.112,-171.950,-199.137,-180.273,-194.148,-187.261,-190.476,-196.658,-184.426,-208.042,-176.399,-217.293,-170.498,-228.716,-162.430,-245.799,-148.774,-291.765,-104.876,-314.648,-79.214,-321.251,-69.437,-325.105,-62.374,-330.071,-54.214,-334.889,-46.200,-339.183,-38.701,-342.488,-32.188,-345.780,-25.678,-349.216,-18.442,-355.002,-7.965,-360.106,0.339,-365.273,8.707,-370.258,16.880,-374.990,24.815,-379.512,32.534,-382.816,39.051,-386.113,45.561,-389.411,52.070,-392.705,58.579,-396.009,65.628,-399.308,73.808,-402.626,82.806,-405.930,92.586,-409.253,102.349,-412.560,112.365,-415.894,124.865,-419.231,139.827,-422.587,157.442,-425.889,195.094,-425.255,266.464,-422.117,288.971,-418.922,301.230,-415.695,309.298,-412.488,318.751,-409.257,326.694,-406.046,334.873,-402.818,343.250,-399.596,349.916,-396.362,356.459,-393.136,363.002,-389.905,369.545,-386.678,376.508,-383.459,384.688,-380.226,391.292,-377.002,397.835,-373.766,404.378,-370.545,410.921,-367.306,417.465,-363.349,424.752,-358.514,432.910,-352.650,442.120,-348.074,450.020,-343.779,457.643,-337.795,466.968,-334.080,474.001,-328.651,482.769,-322.281,492.482,-317.590,500.508,-311.325,510.109,-304.842,519.949,-295.028,533.137,-282.211,549.339,-273.796,558.933,-260.040,575.137,-223.499,614.641,-190.001,646.134,-179.377,653.581,-170.631,657.969,-163.162,661.279,-155.244,664.578,-145.506,667.898,-134.172,671.212,-121.174,674.551,-108.120,677.874,-94.287,681.215,-79.659,684.549,-63.823,687.898,-45.140,691.255,-21.292,694.642,18.872,698.114,109.540,700.849,217.053,698.758,284.466,695.851,317.724,692.752,337.816,689.603,354.122,686.414,368.951,683.236,383.803,680.044,396.992,676.853,410.119,673.655,424.451,670.468,436.180,667.266,447.458,664.059,458.872,660.859,468.732,657.641,479.779,654.442,488.490,651.216,498.146,648.012,507.190,644.787,515.646,641.575,524.554,638.353,532.810,635.136,540.829,631.912,548.476,628.689,556.164,625.467,563.676,622.240,570.223,619.016,576.766,615.780,583.309,612.559,589.852,609.320,596.395,606.100,602.940,602.861,610.340,598.789,618.149,594.303,625.687,590.091,633.762,585.345,643.182,579.268,653.019,572.780,665.666,563.506,695.899,536.603,743.960,487.474,754.494,473.796,759.591,465.515,762.892,458.994,766.196,452.484,769.487,445.971,772.792,438.510,776.094,430.840,779.397,423.161,782.709,413.927,786.005,406.972,789.318,398.165,792.619,389.727,795.936,380.732,799.241,370.951,802.567,360.458,805.882,349.070,809.211,337.468,812.531,325.673,815.864,312.585,819.205,297.491,822.629,281.540,825.908,269.367,823.671,204.392,820.577,172.800,817.393,156.169,814.199,144.462,810.977,134.671,807.765,126.376,804.539,118.029,801.317,111.078,798.093,102.804,794.866,96.168,791.637,89.625,788.406,83.074,784.688,74.812,779.890,65.793,776.627,59.206,773.389,52.663,770.169,46.120,766.930,39.575,762.910,32.227,758.377,24.371,755.085,17.761,750.230,9.577,745.438,1.455,739.471,-7.854,733.423,-17.243,726.107,-27.920,720.925,-36.430,715.842,-44.853,709.543,-54.489,703.553,-63.831,693.625,-77.135,675.449,-98.740,660.996,-114.367,655.298,-120.554,642.389,-133.084,615.929,-157.029,594.624,-175.274,579.446,-187.333,568.172,-195.439,556.749,-203.708,545.778,-211.504,537.320,-216.781,528.353,-222.552,521.714,-225.986,514.338,-230.154,506.600,-234.696,500.082,-238.000,493.573,-241.297,486.514,-244.687,474.187,-249.733,463.190,-253.365,451.846,-256.681,437.656,-260.025,426.054,-263.339,415.612,-266.666,404.088,-269.981,391.963,-273.313,381.767,-276.624,369.301,-279.955,357.910,-283.275,345.198,-286.604,330.450,-289.945,315.747,-293.281,297.821,-296.642,270.060,-300.042,218.413,-303.432
27.434,-566.811,-23.610,-562.590,-63.694,-558.039,-100.042,-553.479,-132.640,-548.911,-160.304,-544.333,-185.350,-539.749,-208.983,-535.163,-229.958,-530.570,-249.192,-525.974,-269.157,-521.379,-285.097,-516.776,-302.050,-512.175,-316.808,-507.569,-331.520,-502.963,-345.739,-498.357,-357.383,-493.744,-368.543,-489.131,-377.957,-484.514,-387.241,-479.896,-396.525,-475.279,-405.814,-470.657,-415.909,-465.232,-427.472,-458.345,-438.222,-452.269,-449.635,-445.532,-461.933,-437.914,-476.870,-427.668,-494.477,-414.758,-517.477,-395.168,-533.430,-379.400,-553.352,-358.250,-579.061,-328.395,-595.717,-307.182,-608.327,-289.999,-619.326,-274.419,-629.061,-260.099,-638.365,-246.206,-647.627,-232.357,-654.844,-220.542,-660.330,-210.116,-667.248,-196.488,-673.149,-184.196,-677.831,-173.090,-682.493,-161.502,-687.157,-149.081,-691.819,-137.282,-696.482,-125.130,-701.148,-111.929,-705.815,-97.730,-710.483,-83.518,-715.149,-69.579,-719.821,-53.671,-724.499,-34.451,-729.185,-11.674,-733.883,17.147,-738.596,58.536,-741.539,133.426,-740.066,203.087,-735.024,257.091,-730.475,302.449,-725.902,332.359,-721.311,353.969,-716.709,370.529,-712.101,384.422,-707.490,396.682,-702.882,409.980,-698.270,421.834,-693.657,433.438,-689.045,445.040,-684.432,456.481,-679.817,467.171,-675.197,477.905,-669.663,491.647,-663.885,504.468,-659.249,513.859,-654.087,524.684,-647.962,536.589,-642.413,546.824,-636.555,557.353,-630.687,567.894,-625.078,578.190,-616.117,592.955,-606.624,608.118,-597.723,621.711,-588.114,636.008,-574.793,654.032,-552.884,680.570,-525.410,710.454,-473.671,764.403,-450.395,787.197,-422.323,811.192,-399.802,829.162,-377.701,846.711,-360.371,859.468,-344.781,870.477,-330.939,879.731,-318.732,887.343,-306.206,895.167,-293.399,901.741,-283.627,906.534,-274.018,911.191,-262.571,915.853,-249.930,920.517,-235.860,925.184,-220.351,929.855,-199.828,934.536,-177.179,939.221,-151.854,943.912,-123.655,948.610,-87.615,953.324,-42.484,958.057,24.058,962.822,137.716,965.259,234.866,961.490,287.140,956.965,319.477,952.396,341.992,947.807,360.009,943.208,375.612,938.604,389.604,933.997,402.539,929.387,415.321,924.778,428.286,920.168,441.484,915.559,453.304,910.947,466.565,906.338,477.667,901.724,489.044,897.112,500.647,892.499,512.361,887.887,524.906,883.276,536.282,878.663,547.097,874.049,558.627,869.437,568.712,864.821,579.820,860.167,592.634,854.113,604.744,848.151,616.949,841.989,629.558,835.640,640.430,829.527,650.630,823.998,661.554,817.748,673.012,810.965,683.711,804.940,695.276,798.051,705.941,792.058,716.905,785.769,728.664,778.687,739.914,772.115,753.386,764.003,769.962,753.525,783.031,745.175,798.480,734.419,814.155,723.438,830.938,711.354,852.100,694.909,885.730,665.567,928.864,620.954,943.436,603.935,959.562,584.278,975.561,563.725,986.777,547.930,996.086,534.032,1003.731,521.793,1010.509,510.416,1018.157,498.173,1026.960,484.781,1036.263,470.890,1045.566,456.999,1054.379,443.596,1062.027,431.354,1069.483,419.302,1076.476,407.708,1083.768,395.119,1091.038,381.876,1095.829,372.444,1100.486,363.146,1105.146,352.431,1109.808,340.848,1114.472,328.452,1119.137,315.348,1123.805,300.831,1128.475,285.349,1133.149,268.512,1137.831,246.570,1141.417,198.428,1138.506,143.388,1133.973,97.184,1129.406,64.596,1124.821,39.747,1120.234,16.257,1115.640,-3.760,1111.042,-22.096,1106.441,-39.305,1101.838,-55.438,1097.230,-68.927,1092.621,-82.028,1088.009,-94.153,1083.395,-104.996,1078.779,-115.005,1074.162,-124.293,1069.544,-133.577,1064.817,-142.972,1058.564,-153.899,1053.558,-163.574,1047.705,-174.099,1040.840,-185.640,1035.497,-195.653,1029.950,-205.871,1022.121,-218.380,1013.968,-231.215,1003.157,-246.719,976.271,-277.806,930.183,-322.765,909.325,-341.548,888.128,-360.104,861.448,-383.628,830.400,-410.170,813.918,-422.076,800.018,-431.388,786.390,-440.427,774.568,-447.653,764.427,-453.190,755.029,-457.955,742.853,-464.247,732.401,-469.293,723.015,-473.951,711.927,-478.612,700.065,-483.274,685.544,-487.942,671.420,-492.610,655.897,-497.280,639.673,-501.952,622.403,-506.626,601.527,-511.308,580.653,-515.989,558.329,-520.674,534.382,-525.362,508.711,-530.054,481.159,-534.750,449.797,-539.454,410.903,-544.175,370.375,-548.898,337.153,-553.606,304.987,-558.312,269.455,-563.025,200.212,-567.502
489.182,-498.837,461.793,-495.745,444.556,-491.792,432.773,-487.547,422.765,-483.208,412.787,-478.867,402.523,-474.542,389.521,-470.362,374.826,-466.273,358.386,-462.277,338.717,-458.454,314.139,-454.892,281.791,-451.745,234.844,-449.391,150.516,-451.196,84.369,-458.719,47.098,-465.580,16.058,-472.109,-13.897,-478.581,-52.810,-485.530,-119.686,-493.972,-178.144,-501.964,-210.294,-508.553,-242.622,-515.138,-310.201,-521.523,-352.454,-519.817,-379.535,-516.391,-399.624,-512.589,-415.720,-508.575,-428.184,-504.367,-438.620,-500.042,-450.913,-494.903,-462.852,-489.495,-472.958,-485.042,-484.618,-479.190,-495.074,-474.419,-506.538,-468.744,-519.075,-462.103,-532.679,-454.504,-547.740,-445.595,-563.528,-436.033,-581.081,-424.884,-599.084,-413.331,-616.993,-401.863,-634.068,-391.144,-651.782,-379.851,-672.986,-365.421,-700.574,-344.580,-720.757,-326.731,-749.343,-297.742,-766.471,-277.728,-774.566,-265.766,-780.805,-254.084,-788.647,-240.990,-797.466,-227.355,-804.051,-216.693,-814.453,-201.188,-822.605,-188.856,-829.559,-177.979,-836.148,-167.421,-841.599,-156.916,-847.057,-145.948,-852.564,-134.082,-858.172,-120.308,-863.875,-104.749,-869.673,-87.417,-875.564,-68.356,-881.462,-49.142,-887.439,-28.460,-893.627,-3.817,-899.930,22.980,-906.146,48.151,-912.481,76.909,-917.577,152.655,-916.738,222.384,-914.604,273.725,-911.346,303.989,-907.574,324.636,-903.678,342.940,-899.688,359.497,-895.651,375.161,-891.608,390.725,-887.647,407.818,-883.732,425.775,-879.799,443.396,-875.847,460.669,-871.879,477.620,-867.717,490.952,-863.503,503.309,-859.203,514.076,-854.274,524.714,-846.708,538.280,-836.391,554.908,-822.775,575.207,-802.407,603.008,-774.278,638.082,-740.547,677.666,-724.078,696.509,-713.387,708.590,-702.697,720.434,-675.487,748.612,-655.366,768.228,-637.546,783.000,-623.822,793.124,-611.385,801.815,-599.163,810.267,-587.432,818.172,-576.798,824.543,-563.971,830.109,-549.818,835.737,-531.010,841.614,-508.851,847.670,-483.765,853.881,-456.607,860.204,-429.219,866.538,-401.755,872.877,-371.965,879.336,-308.185,886.305,-236.053,886.927,-176.936,885.273,-125.230,885.231,-8.349,887.807,70.606,890.076,137.699,892.817,256.915,897.087,316.909,898.617,372.818,897.405,397.649,893.858,413.829,889.848,429.031,885.786,443.347,881.677,458.158,877.594,472.537,873.488,486.636,869.367,499.812,865.197,513.909,861.076,527.700,856.939,541.293,852.791,554.641,848.630,568.879,844.516,582.891,840.391,597.225,836.283,610.485,832.117,624.584,827.996,639.417,823.914,654.206,819.830,668.220,815.705,683.887,811.668,699.128,807.608,715.593,803.613,730.708,799.546,746.180,795.499,761.523,791.444,775.590,787.322,789.882,783.211,803.484,779.064,816.835,774.903,829.341,770.697,841.775,766.487,855.011,762.320,866.607,758.066,878.964,753.852,891.323,749.638,902.787,745.377,914.389,741.123,926.471,736.894,938.270,732.650,949.220,728.362,961.590,724.148,973.930,719.933,985.804,715.311,1000.462,708.995,1014.309,702.234,1031.293,691.592,1071.906,657.508,1126.873,604.338,1153.450,577.931,1171.825,557.632,1183.943,542.117,1191.661,530.555,1197.192,520.958,1202.604,511.377,1209.449,498.918,1217.444,483.780,1224.575,469.473,1231.343,456.451,1236.835,445.256,1242.371,432.839,1247.843,421.606,1253.396,408.875,1258.967,395.805,1264.529,382.891,1270.129,369.262,1275.766,354.946,1281.404,340.627,1287.041,326.300,1292.731,311.005,1298.496,294.283,1304.303,276.784,1310.415,253.783,1316.083,235.857,1316.162,215.968,1315.821,172.677,1312.593,142.498,1309.143,115.824,1305.665,89.674,1302.095,65.254,1298.422,42.755,1294.724,20.726,1290.937,0.373,1287.098,-19.001,1283.161,-36.541,1279.201,-53.663,1275.161,-69.270,1271.146,-85.368,1266.989,-98.777,1262.890,-113.301,1258.698,-126.055,1254.437,-137.542,1250.177,-149.030,1245.897,-160.138,1241.610,-171.139,1236.976,-182.361,1230.725,-197.642,1224.865,-209.704,1220.469,-219.744,1216.065,-229.792,1210.289,-241.367,1205.211,-252.166,1199.236,-263.962,1193.338,-275.673,1187.595,-287.211,1181.771,-298.839,1175.777,-310.657,1169.673,-322.597,1160.132,-338.120,1131.879,-369.080,1105.330,-393.582,1083.657,-412.549,1068.096,-424.717,1055.913,-433.094,1042.982,-440.387,1024.291,-446.668,995.232,-453.092,976.224,-458.980,957.127,-464.815,917.716,-469.244,800.666,-478.736,581.417,-494.977
-105.625,-390.125,-115.595,-388.395,-124.474,-386.391,-133.280,-384.335,-140.832,-382.234,-147.168,-379.931,-156.658,-376.353,-163.783,-373.214,-172.852,-368.364,-184.323,-361.563,-212.444,-340.955,-258.206,-301.774,-269.110,-290.182,-277.887,-280.333,-284.509,-272.306,-289.024,-265.945,-295.276,-258.186,-300.185,-251.557,-305.568,-244.476,-309.182,-238.899,-312.610,-233.472,-315.985,-228.039,-319.434,-222.612,-322.937,-216.239,-326.449,-209.533,-330.083,-202.279,-333.602,-195.562,-337.285,-187.299,-341.123,-177.947,-345.091,-166.482,-349.185,-154.208,-353.385,-141.006,-357.339,-129.670,-361.506,-116.817,-365.513,-105.419,-369.450,-94.281,-373.276,-85.052,-377.223,-74.089,-381.181,-62.910,-385.187,-51.853,-389.253,-39.498,-393.339,-27.184,-397.639,-13.076,-402.143,3.868,-406.717,20.966,-411.508,40.261,-416.302,60.162,-421.094,79.312,-425.564,95.512,-430.117,112.855,-434.726,130.058,-439.250,146.977,-443.794,164.063,-448.532,182.576,-453.187,201.013,-458.488,225.635,-464.651,261.385,-466.519,298.976,-466.574,329.124,-466.410,356.927,-465.380,375.404,-463.739,388.444,-461.771,397.685,-459.614,404.827,-457.329,411.318,-455.214,418.878,-452.949,425.113,-450.797,432.925,-448.674,440.258,-446.448,447.061,-444.207,453.791,-441.622,461.690,-437.817,469.496,-432.283,479.427,-424.326,492.347,-408.537,513.708,-391.754,531.330,-380.180,542.210,-373.242,547.505,-365.622,553.552,-359.122,558.272,-351.234,564.714,-345.331,568.662,-338.902,573.314,-331.090,579.645,-325.258,583.506,-319.833,586.956,-314.164,590.658,-307.123,596.005,-300.407,601.029,-293.224,605.319,-286.598,608.842,-279.345,612.475,-273.795,615.862,-266.380,619.479,-257.388,623.266,-244.708,627.352,-228.316,631.867,-210.641,636.489,-193.304,641.034,-176.507,645.604,-159.176,650.174,-138.210,655.093,-114.270,660.363,-61.664,668.376,-8.531,676.468,17.798,681.965,41.985,687.180,71.807,693.002,101.049,698.768,132.471,704.693,162.512,710.554,190.233,716.154,216.522,721.585,238.837,726.695,258.200,731.458,273.951,735.872,287.718,740.144,302.749,744.464,318.435,748.890,331.656,753.095,342.878,757.037,351.516,760.789,357.230,764.240,362.662,767.615,368.512,771.110,376.659,774.782,389.441,778.871,417.883,781.629,441.621,781.123,462.224,780.267,476.271,778.727,492.359,777.463,506.294,775.936,517.288,774.114,530.289,772.547,539.775,770.566,549.515,768.638,559.585,766.777,568.852,764.765,580.403,763.032,592.130,761.316,603.752,759.534,615.511,757.839,627.205,756.102,638.847,754.333,650.564,752.641,659.815,750.647,667.721,748.529,676.344,746.533,684.567,744.421,692.483,742.322,701.785,740.378,710.602,738.321,717.922,736.180,728.173,734.312,735.009,732.062,740.999,729.803,749.996,724.501,757.382,716.465,760.769,710.968,764.384,703.768,767.829,698.073,771.216,692.556,774.892,684.861,778.676,675.542,782.491,665.840,786.630,653.422,790.831,639.675,795.335,623.119,799.589,609.464,803.678,596.751,808.270,579.486,814.543,545.066,826.208,455.117,849.640,253.616,854.468,226.158,852.428,198.670,853.982,153.008,853.972,123.934,853.385,100.651,851.705,88.002,850.554,70.737,849.178,55.323,847.624,41.533,846.078,28.321,844.385,15.963,842.557,5.143,840.589,-3.783,838.532,-12.589,836.430,-20.445,834.331,-28.206,832.224,-36.507,830.085,-43.807,828.050,-52.399,825.761,-58.796,823.506,-64.780,821.228,-71.074,818.938,-78.987,815.040,-87.033,811.515,-94.487,806.659,-103.594,793.748,-122.312,766.729,-153.241,756.285,-162.744,748.013,-169.604,739.978,-176.236,732.361,-182.277,725.853,-187.009,717.865,-193.570,710.322,-199.514,703.773,-204.315,697.438,-208.846,692.004,-212.222,686.165,-215.714,679.090,-219.284,673.484,-222.691,666.233,-226.324,660.624,-229.732,653.339,-233.321,645.673,-236.993,638.902,-240.499,632.360,-244.033,624.440,-247.713,616.114,-251.371,607.859,-255.090,598.702,-258.874,589.163,-262.657,580.922,-266.387,572.590,-270.072,562.685,-273.908,553.460,-277.735,543.592,-281.553,535.039,-285.274,524.990,-289.173,515.163,-292.979,502.016,-297.167,488.051,-301.433,472.465,-305.804,457.173,-310.220,440.684,-314.716,417.186,-319.875,321.607,-332.173,227.165,-344.298,159.493,-353.808,99.723,-362.592,43.175,-370.983,-13.710,-379.452,-84.662,-389.168
-277.407,-343.732,-311.482,-341.355,-332.378,-338.778,-347.076,-336.057,-359.300,-333.359,-367.716,-330.707,-375.983,-327.980,-384.218,-325.223,-391.374,-322.564,-398.587,-319.865,-404.989,-317.093,-412.163,-314.402,-417.720,-311.728,-423.251,-308.951,-428.782,-306.216,-434.768,-303.095,-443.121,-297.559,-462.132,-280.321,-473.436,-266.451,-480.938,-256.291,-486.605,-248.006,-490.071,-241.815,-492.817,-236.318,-495.661,-230.821,-498.459,-225.311,-501.205,-218.346,-504.039,-210.401,-506.877,-203.992,-509.631,-195.697,-512.443,-185.752,-515.306,-177.151,-518.088,-167.810,-520.873,-156.746,-523.752,-145.466,-526.590,-132.727,-529.379,-118.586,-532.276,-101.071,-535.229,-74.980,-538.142,-40.512,-541.160,2.456,-544.214,42.514,-547.158,79.018,-550.160,125.082,-554.302,221.701,-556.739,237.178,-552.217,277.364,-549.866,351.893,-547.341,395.398,-544.776,418.072,-542.177,444.554,-539.509,467.898,-536.882,482.627,-534.213,492.047,-531.453,500.281,-528.747,507.676,-526.077,513.239,-523.314,519.076,-520.573,526.377,-517.903,531.949,-514.284,538.378,-510.294,545.137,-507.611,550.671,-504.229,556.896,-500.009,563.887,-495.352,571.384,-489.996,579.634,-483.245,589.195,-471.975,603.216,-466.541,608.710,-460.867,614.018,-449.968,622.363,-443.024,626.569,-435.782,631.103,-430.246,633.987,-423.818,636.769,-417.089,639.513,-409.768,642.365,-403.284,645.182,-394.978,647.935,-384.765,650.770,-373.863,653.647,-362.747,656.419,-351.700,659.225,-340.362,662.105,-327.661,664.921,-316.517,667.693,-305.614,670.570,-294.626,673.410,-282.129,676.189,-270.431,679.038,-259.520,681.911,-247.187,684.690,-233.397,687.517,-219.343,690.413,-201.837,693.254,-180.575,696.092,-154.845,699.059,-129.118,701.984,-101.094,704.858,-69.178,707.834,-32.950,710.858,2.014,713.774,39.431,716.749,73.242,719.766,108.252,722.709,145.113,725.647,182.679,728.686,220.267,731.679,262.476,734.640,321.960,737.788,431.266,741.093,507.874,739.857,531.160,737.248,547.035,734.534,559.982,731.887,571.045,729.238,580.150,726.483,590.155,723.784,599.982,721.140,608.888,718.404,617.138,715.660,625.478,713.008,633.767,710.303,641.999,707.542,649.263,704.865,656.527,702.188,664.371,699.425,670.947,696.710,677.778,694.048,685.130,691.273,693.328,686.813,702.631,681.859,709.251,678.070,717.621,672.489,727.693,665.318,737.596,658.306,751.525,647.232,765.778,635.898,781.140,622.975,788.269,616.063,815.203,591.952,841.064,564.642,859.083,544.127,864.888,538.148,874.999,526.083,880.124,520.926,887.826,511.019,897.860,498.376,904.811,488.823,909.964,480.947,913.699,474.492,917.955,467.601,920.746,462.092,923.483,456.549,926.332,449.235,929.147,443.483,931.884,437.949,934.699,430.719,937.548,424.351,940.304,416.131,943.081,409.506,945.939,401.747,948.736,392.515,951.508,381.189,954.607,324.128,955.074,112.627,952.610,73.743,950.017,43.780,947.369,17.362,944.780,-1.491,942.113,-13.588,939.367,-24.082,936.676,-31.559,934.013,-38.692,931.241,-45.093,928.515,-52.357,925.846,-57.924,923.100,-63.455,920.328,-68.988,917.666,-75.715,914.961,-82.163,912.184,-87.695,909.485,-93.225,906.805,-98.758,902.827,-105.505,899.193,-111.947,895.610,-118.402,887.368,-129.491,864.207,-154.474,849.227,-166.901,840.782,-172.668,832.533,-178.298,826.355,-181.749,820.260,-185.103,813.272,-189.457,807.759,-192.269,802.262,-195.006,796.765,-197.827,790.650,-200.661,782.387,-203.414,774.315,-206.217,767.470,-209.070,757.645,-211.853,747.722,-214.633,738.652,-217.498,728.683,-220.317,718.834,-223.080,707.901,-225.939,696.968,-228.798,687.119,-231.561,676.954,-234.381,666.052,-237.258,654.967,-240.045,643.890,-242.836,633.381,-245.710,623.188,-248.526,610.857,-251.304,599.922,-254.168,588.309,-257.026,575.752,-259.806,564.738,-262.635,553.337,-265.515,540.620,-268.308,527.901,-271.113,516.127,-273.995,502.494,-276.828,487.008,-279.625,470.664,-282.526,453.557,-285.413,435.331,-288.228,414.947,-291.118,392.722,-294.064,367.646,-296.928,340.914,-299.823,313.375,-302.801,283.123,-305.730,252.286,-308.621,220.596,-311.620,190.219,-314.584,156.780,-317.491,126.568,-320.446,95.259,-323.447,63.265,-326.348,29.741,-329.289,-6.879,-332.323,-44.973,-335.296,-88.603,-338.264,-134.474,-341.353,-198.077,-344.362
191.114,-237.106,148.445,-238.069,114.168,-238.230,88.874,-237.553,68.126,-236.487,51.388,-235.202,36.705,-233.716,24.947,-231.902,11.388,-230.296,-1.084,-228.660,-12.319,-226.837,-25.071,-225.106,-36.270,-223.357,-47.390,-221.590,-58.321,-219.709,-69.338,-217.880,-80.493,-216.135,-91.310,-214.291,-100.420,-212.259,-109.396,-210.314,-116.657,-208.243,-122.799,-205.967,-128.435,-203.680,-134.475,-201.131,-141.949,-197.312,-147.620,-194.967,-153.251,-192.732,-159.419,-190.075,-166.804,-186.283,-174.209,-182.484,-180.731,-179.526,-189.059,-174.996,-199.140,-168.912,-209.598,-162.573,-228.418,-149.122,-236.517,-141.432,-241.714,-137.931,-255.044,-124.136,-262.099,-115.614,-268.268,-107.923,-272.333,-101.963,-275.429,-96.736,-278.748,-89.802,-281.984,-84.291,-285.087,-79.078,-288.343,-72.114,-291.950,-62.117,-295.560,-51.543,-299.219,-39.487,-302.888,-28.146,-306.611,-16.736,-310.788,1.346,-315.750,29.202,-322.419,103.928,-327.207,134.936,-328.424,165.589,-328.661,201.457,-327.531,221.503,-326.262,238.865,-324.746,252.795,-322.922,264.313,-321.060,275.272,-319.213,285.197,-317.185,293.428,-314.902,299.486,-312.654,305.133,-310.573,312.223,-308.331,318.494,-306.017,324.134,-303.912,330.923,-301.897,339.163,-299.648,345.626,-297.527,352.978,-295.444,360.032,-293.220,366.372,-290.907,372.545,-287.177,381.720,-284.712,387.666,-282.370,393.332,-278.568,400.767,-275.611,407.288,-271.776,414.771,-266.724,423.635,-261.231,433.121,-249.556,449.822,-221.352,481.313,-208.992,492.960,-201.711,498.518,-195.623,502.726,-189.209,507.388,-181.484,512.490,-174.806,516.042,-168.361,520.415,-160.358,524.971,-153.430,530.041,-146.382,533.544,-140.776,536.789,-135.588,539.932,-130.396,543.025,-125.212,546.209,-120.029,549.418,-114.837,552.510,-109.648,555.630,-104.068,558.901,-94.832,564.090,-87.934,567.721,-82.519,570.912,-75.515,574.272,-69.175,577.471,-61.182,580.808,-51.532,584.386,-43.434,587.796,-34.127,591.228,-23.555,594.830,-13.079,598.476,-1.405,602.128,12.096,605.906,27.349,609.946,44.542,614.119,66.357,618.582,95.520,623.703,132.527,629.468,176.733,631.870,211.344,632.059,233.271,631.097,251.892,629.863,266.188,628.377,277.431,626.600,290.183,624.869,301.399,623.076,312.554,621.331,323.536,619.481,334.982,617.642,347.714,616.026,358.839,614.253,369.770,612.372,380.007,610.485,388.430,608.515,396.533,606.441,402.997,604.191,411.282,602.196,418.061,600.078,425.521,597.910,432.091,595.708,439.106,593.621,444.938,591.373,452.396,589.206,458.149,586.988,465.945,584.448,477.171,579.856,487.688,575.306,493.852,572.686,500.338,569.711,508.934,564.886,517.240,560.378,523.762,557.420,531.160,553.623,538.625,549.768,546.756,545.446,553.397,542.352,560.607,538.702,572.347,531.246,602.552,505.473,615.628,491.912,626.072,480.597,634.573,470.822,641.542,462.366,647.947,454.475,651.305,449.111,656.482,440.878,659.857,434.837,663.067,429.654,666.262,423.400,669.590,415.478,672.991,407.981,676.241,401.858,679.559,393.937,682.951,385.865,686.529,376.215,689.967,367.192,693.509,356.538,697.003,347.871,700.556,338.239,703.984,328.982,707.572,318.379,711.252,307.482,715.126,293.333,719.276,275.313,724.620,244.042,728.811,224.512,726.836,205.998,726.423,175.473,726.337,142.765,725.767,116.683,724.694,97.378,723.104,83.266,721.208,72.525,719.235,64.087,717.238,55.715,715.139,47.431,713.028,39.868,710.942,32.845,708.729,26.472,706.411,20.833,704.278,14.169,701.642,6.856,697.895,-0.469,694.084,-7.907,691.482,-14.009,688.436,-20.569,682.303,-30.708,676.557,-40.484,666.687,-55.072,654.991,-67.779,649.234,-74.356,634.133,-89.308,622.325,-100.282,612.276,-109.104,602.934,-117.173,595.190,-123.403,586.772,-129.193,580.232,-132.697,575.049,-135.907,569.172,-139.139,562.543,-142.350,555.642,-145.644,549.635,-148.921,542.786,-152.182,535.980,-155.408,528.443,-158.806,521.747,-162.120,512.355,-165.558,504.288,-168.935,494.224,-172.547,484.474,-176.060,473.488,-179.630,462.364,-183.310,451.871,-186.951,439.945,-190.598,425.052,-194.524,412.925,-198.306,396.430,-202.388,377.415,-206.621,356.847,-211.066,335.284,-215.626,311.959,-220.219,290.113,-224.705,263.638,-229.669,227.816,-235.203
285.102,-360.030,227.197,-363.211,122.054,-371.409,36.919,-377.416,-9.741,-379.197,-51.684,-380.457,-90.117,-381.339,-124.944,-381.813,-159.326,-382.252,-188.117,-382.066,-214.128,-381.582,-237.441,-380.799,-256.446,-379.541,-273.213,-378.043,-286.945,-376.202,-298.876,-374.176,-309.742,-372.022,-319.660,-369.771,-327.187,-367.254,-335.851,-364.861,-343.761,-361.826,-352.421,-357.887,-359.416,-355.294,-366.671,-352.481,-375.643,-348.300,-384.561,-344.157,-396.995,-337.176,-428.254,-312.631,-442.440,-298.334,-454.513,-285.633,-467.111,-272.521,-493.605,-248.253,-514.943,-228.128,-523.575,-218.192,-529.351,-210.545,-535.116,-202.913,-539.178,-196.636,-543.213,-190.394,-547.236,-184.151,-551.267,-177.908,-555.294,-171.665,-559.321,-165.422,-563.352,-159.180,-567.375,-152.936,-571.409,-146.694,-575.432,-140.451,-579.463,-134.208,-583.491,-127.957,-588.163,-120.155,-594.122,-110.997,-598.548,-101.537,-603.299,-88.769,-608.394,-72.749,-613.519,-56.552,-618.813,-38.760,-624.373,-18.565,-630.723,8.804,-637.423,39.421,-643.298,62.428,-649.168,85.511,-656.392,120.903,-672.975,260.662,-676.693,323.151,-675.889,346.290,-674.287,362.109,-672.362,375.068,-670.174,385.527,-667.953,395.794,-665.741,406.061,-663.411,415.292,-661.027,424.027,-658.490,431.337,-655.783,438.460,-650.961,448.234,-645.649,458.604,-642.555,466.221,-639.638,473.610,-635.587,482.415,-632.487,490.037,-628.522,498.730,-625.336,506.464,-621.278,515.271,-616.205,525.355,-608.057,538.786,-602.777,545.587,-591.236,557.742,-571.239,578.928,-553.549,597.220,-544.049,605.317,-535.722,611.937,-525.824,620.525,-519.137,625.105,-512.894,629.133,-506.639,633.165,-499.037,637.337,-491.347,641.531,-481.942,645.900,-472.401,650.294,-462.845,654.684,-452.090,659.207,-439.838,663.897,-428.666,668.462,-418.358,672.943,-408.804,677.328,-399.263,681.723,-389.708,686.112,-378.992,690.632,-364.682,695.547,-339.523,701.648,-300.400,709.292,-248.186,718.361,-172.030,729.523,-112.157,733.886,-80.484,734.021,-54.088,733.575,-23.075,733.641,6.590,733.550,33.767,733.198,62.984,733.058,91.998,732.905,159.704,737.784,280.695,753.524,333.694,762.683,359.341,768.846,395.704,776.142,514.478,789.491,554.559,794.163,596.400,795.645,618.137,794.689,639.472,793.691,666.936,793.360,690.758,792.639,708.347,791.221,723.160,789.510,733.996,787.354,744.268,785.140,754.437,782.915,762.956,780.505,771.460,778.101,778.480,775.523,787.014,773.082,797.203,769.261,807.033,765.471,815.712,761.529,824.593,757.416,834.944,752.128,851.284,742.028,872.385,727.711,880.928,720.544,906.067,699.589,922.420,683.478,930.702,673.824,939.703,663.589,945.833,655.665,950.653,648.781,956.396,641.167,962.108,633.261,967.596,624.313,971.643,617.980,975.668,611.736,979.769,604.877,983.972,596.981,988.205,588.922,992.313,581.918,996.725,572.198,1001.007,563.640,1005.395,554.098,1009.790,544.557,1014.175,535.004,1018.660,524.657,1023.397,511.917,1028.500,495.902,1034.670,470.143,1044.355,403.090,1047.981,365.137,1048.086,342.881,1047.302,321.523,1047.240,308.033,1046.358,286.754,1045.166,267.164,1043.819,248.977,1042.474,230.809,1041.224,211.703,1040.045,192.052,1038.506,175.578,1036.939,159.434,1034.984,146.783,1033.146,133.078,1031.012,122.098,1028.725,112.441,1026.178,105.255,1023.592,98.244,1019.524,87.644,1011.965,73.883,1005.497,62.064,995.819,46.242,983.520,27.159,970.702,7.418,942.510,-31.212,923.492,-55.246,908.095,-74.453,884.462,-101.899,866.712,-120.285,856.531,-129.218,847.340,-136.927,838.162,-144.607,829.199,-152.032,821.629,-157.711,813.992,-163.479,806.276,-169.344,799.500,-174.034,791.762,-179.931,783.869,-186.008,777.493,-190.209,771.250,-194.233,765.007,-198.263,758.764,-202.291,752.521,-206.317,746.279,-210.349,740.035,-214.371,733.048,-218.488,725.451,-222.659,718.241,-226.796,710.445,-230.994,702.461,-235.212,694.413,-239.442,687.769,-243.508,679.706,-247.743,673.319,-251.781,667.077,-255.812,660.441,-259.882,652.554,-264.090,645.699,-268.188,636.569,-272.528,628.851,-276.725,619.445,-281.094,609.017,-285.586,597.885,-290.148,585.478,-294.853,572.102,-299.666,554.938,-304.889,537.358,-310.168,518.042,-315.625,498.558,-321.112,477.146,-326.803,454.315,-332.653,429.354,-338.737,400.095,-345.289,353.154,-353.630
-42.050,-460.126,-80.732,-460.972,-102.204,-459.865,-130.372,-459.459,-175.038,-460.760,-195.859,-459.588,-209.864,-457.716,-220.783,-455.514,-232.475,-453.406,-242.702,-451.132,-252.924,-448.868,-263.066,-446.589,-271.617,-444.148,-280.166,-441.708,-287.287,-438.989,-296.196,-434.774,-303.525,-431.830,-313.409,-426.823,-325.698,-419.853,-336.972,-413.714,-352.643,-404.001,-373.672,-389.934,-397.503,-373.586,-417.705,-358.472,-427.488,-351.057,-457.262,-324.520,-468.140,-315.051,-481.850,-301.012,-490.454,-291.009,-497.517,-282.256,-503.261,-274.579,-508.131,-267.603,-512.115,-261.359,-516.125,-255.081,-521.827,-247.439,-526.360,-240.734,-530.448,-233.408,-534.530,-226.141,-538.646,-218.495,-542.961,-209.023,-547.138,-200.764,-551.670,-189.198,-556.548,-174.198,-561.856,-155.112,-567.933,-128.578,-574.895,-93.494,-581.825,-58.767,-588.368,-27.686,-594.621,0.474,-601.124,31.176,-607.553,61.062,-614.155,92.684,-620.893,123.974,-627.013,135.980,-627.141,157.270,-636.559,224.196,-644.339,316.552,-643.000,335.795,-641.253,350.997,-639.274,364.040,-637.188,376.012,-635.082,387.788,-632.906,398.928,-630.643,409.155,-628.296,418.685,-625.865,427.265,-623.311,434.828,-620.035,444.784,-616.264,455.536,-612.103,464.459,-607.880,473.374,-604.907,480.741,-600.635,489.721,-594.980,500.389,-588.825,511.685,-579.734,526.586,-565.139,548.250,-526.148,597.117,-505.373,619.129,-492.251,631.567,-482.864,639.420,-473.675,647.014,-464.739,654.309,-457.958,658.943,-450.147,664.752,-440.820,670.618,-433.408,675.655,-427.161,679.640,-420.917,683.607,-414.638,687.595,-406.062,692.683,-396.920,698.555,-388.023,704.510,-380.118,709.217,-371.504,715.042,-363.728,719.218,-354.213,723.539,-342.945,728.027,-330.191,732.681,-318.600,737.207,-303.498,742.101,-289.081,746.924,-274.418,751.767,-257.364,756.868,-239.419,762.048,-218.422,767.558,-190.242,773.801,-152.408,781.053,-105.688,789.221,-49.814,798.338,13.594,808.240,84.828,818.945,160.393,830.109,313.588,847.702,396.039,853.183,434.726,853.867,478.467,855.072,522.950,856.353,541.859,854.988,554.011,852.915,565.885,850.825,576.752,848.616,586.971,846.353,596.235,843.982,605.310,841.596,615.421,839.318,623.894,836.865,632.501,834.435,641.299,832.012,649.873,829.580,658.598,826.873,670.269,823.007,677.784,820.356,684.710,817.746,691.635,815.139,698.561,812.524,705.486,809.921,712.644,807.116,721.587,802.872,731.145,798.122,743.555,791.059,756.301,783.722,781.353,766.388,811.378,745.020,852.318,713.555,878.324,689.696,886.388,680.137,891.036,673.338,897.361,664.236,903.711,655.097,907.770,648.672,911.933,640.657,915.923,634.192,919.908,627.920,924.037,620.137,928.070,613.356,932.085,606.717,936.229,598.829,940.267,591.996,944.398,584.202,948.384,577.910,952.506,570.178,956.554,563.285,960.690,555.452,964.830,547.619,969.185,537.713,973.676,526.461,978.433,512.711,984.248,488.646,991.324,452.545,999.801,402.808,1007.625,359.453,1014.136,328.717,1019.222,311.563,1021.035,302.356,1025.546,273.615,1036.339,171.103,1035.803,144.604,1033.875,131.048,1031.952,117.532,1030.023,104.024,1028.140,90.072,1026.256,76.175,1024.237,63.496,1022.302,50.123,1020.098,39.211,1017.836,28.991,1015.467,19.703,1013.078,10.660,1010.685,1.559,1007.221,-9.011,1004.020,-18.757,1001.471,-26.364,999.018,-34.742,996.404,-41.682,993.798,-48.607,991.187,-55.533,988.576,-62.458,985.959,-69.397,982.116,-78.484,977.342,-89.785,974.575,-96.920,971.971,-103.845,969.065,-111.131,964.023,-121.053,959.959,-129.769,954.618,-140.055,947.463,-152.582,937.986,-167.922,915.512,-195.951,906.906,-205.876,892.536,-220.012,880.735,-230.827,871.564,-238.407,860.573,-248.229,851.953,-254.983,840.950,-262.787,832.256,-269.576,825.888,-273.710,819.644,-277.681,813.401,-281.658,807.066,-285.736,798.084,-291.723,790.666,-296.129,783.022,-300.242,776.082,-304.296,769.834,-308.265,762.681,-312.338,754.801,-316.557,744.295,-322.655,736.156,-327.200,728.216,-331.346,719.500,-335.583,711.429,-339.740,702.522,-343.997,693.289,-348.277,684.457,-352.522,673.473,-356.988,660.901,-361.616,645.184,-366.577,627.244,-371.757,606.005,-377.293,582.747,-383.025,545.016,-390.267,417.953,-406.617,372.418,-412.056,294.741,-422.989,207.801,-435.090,142.013,-442.330
489.158,-773.917,445.141,-770.444,410.196,-766.368,379.544,-762.160,352.296,-757.849,328.610,-753.429,305.788,-748.983,281.590,-744.579,258.181,-740.150,234.451,-735.732,211.279,-731.296,188.223,-726.857,165.611,-722.405,144.256,-717.914,122.776,-713.427,103.500,-708.873,85.364,-704.284,67.850,-699.676,52.135,-695.013,36.645,-690.343,22.017,-685.648,7.392,-680.952,-5.778,-676.211,-19.019,-671.473,-31.524,-666.713,-45.287,-661.990,-58.328,-657.246,-70.525,-652.476,-82.210,-647.675,-94.704,-641.816,-106.969,-635.276,-122.247,-625.890,-147.193,-607.409,-197.540,-565.029,-233.481,-536.204,-264.173,-512.316,-296.941,-486.476,-335.494,-455.192,-382.545,-415.913,-432.146,-374.235,-467.620,-345.848,-502.297,-317.832,-543.652,-277.670,-557.569,-259.658,-567.736,-245.103,-576.678,-231.700,-584.233,-219.603,-591.298,-207.965,-596.834,-197.584,-602.369,-184.652,-607.929,-170.920,-613.581,-154.186,-619.198,-138.565,-624.805,-123.311,-630.411,-108.057,-636.018,-92.803,-641.624,-77.546,-647.250,-61.664,-652.908,-44.697,-658.585,-27.117,-664.325,-7.498,-670.141,14.643,-676.154,43.429,-681.241,95.896,-679.333,152.211,-675.221,185.840,-671.076,218.538,-666.878,249.486,-662.604,277.956,-658.370,307.740,-654.097,336.267,-649.821,364.681,-645.545,393.086,-641.257,421.077,-636.956,448.681,-632.652,476.167,-628.326,502.921,-623.939,527.687,-619.490,550.408,-614.975,570.991,-610.356,588.132,-605.636,601.970,-600.856,613.835,-596.077,625.746,-591.148,636.918,-584.462,649.330,-575.633,664.018,-561.739,684.088,-543.385,708.898,-518.313,740.850,-486.110,780.381,-455.281,818.451,-429.935,850.676,-391.845,894.128,-353.283,930.835,-330.971,949.248,-312.504,963.573,-296.277,975.517,-281.759,985.644,-269.225,993.663,-257.482,1000.841,-246.580,1007.125,-236.401,1012.641,-224.868,1019.593,-213.536,1025.679,-201.989,1031.175,-191.818,1036.627,-181.494,1042.083,-169.698,1047.584,-159.185,1053.046,-147.422,1058.546,-136.997,1064.005,-126.608,1069.463,-114.828,1074.964,-104.262,1080.497,-90.570,1087.587,-77.958,1093.630,-66.086,1099.135,-55.048,1104.613,-43.213,1110.115,-30.874,1115.633,-18.189,1121.161,-5.091,1126.702,9.362,1132.284,24.597,1137.889,39.395,1143.482,55.356,1149.110,72.227,1154.766,88.483,1160.402,105.803,1166.072,123.084,1171.740,140.725,1177.446,153.917,1182.169,172.246,1181.901,218.819,1180.322,254.081,1176.289,282.680,1172.019,307.214,1167.625,329.652,1163.167,350.083,1158.648,369.140,1154.087,387.264,1149.498,404.487,1144.881,421.674,1140.263,438.655,1135.639,455.643,1131.015,471.641,1126.361,485.538,1121.643,500.106,1116.945,513.940,1112.225,526.247,1107.459,538.059,1102.677,548.535,1097.855,558.965,1093.031,569.634,1087.982,583.116,1080.287,597.956,1071.314,616.540,1058.819,640.477,1041.287,694.126,995.443,731.896,961.252,751.778,944.278,778.944,920.686,793.518,907.624,809.208,892.839,831.038,870.277,853.427,844.318,868.791,824.873,879.762,809.561,890.506,794.464,901.249,779.366,911.943,764.315,920.648,751.135,928.184,738.959,935.815,725.254,941.478,714.448,946.980,702.635,952.533,689.124,958.132,674.106,963.793,657.079,969.505,638.331,975.294,617.111,981.109,595.008,986.945,572.207,992.793,549.036,998.706,523.713,1004.743,494.309,1010.757,465.686,1016.824,435.331,1022.788,408.327,1028.661,384.312,1034.505,361.262,1040.251,341.450,1045.953,323.040,1051.670,304.162,1057.409,284.557,1063.173,264.118,1069.037,240.436,1075.091,210.474,1081.816,158.397,1089.968,17.687,1091.107,-126.250,1087.873,-188.592,1084.096,-233.388,1080.025,-268.528,1075.740,-296.618,1071.351,-321.341,1066.850,-342.359,1062.325,-362.574,1057.723,-380.289,1053.109,-397.602,1048.429,-412.756,1043.687,-425.874,1038.924,-438.298,1034.105,-448.893,1029.263,-459.343,1023.288,-470.997,1016.879,-483.112,1009.048,-496.738,998.730,-513.009,987.973,-529.745,974.582,-549.280,953.614,-576.732,927.164,-606.455,915.890,-617.647,899.466,-630.669,884.863,-640.890,872.108,-649.144,859.972,-656.740,849.481,-662.583,837.009,-669.772,825.300,-675.535,815.092,-681.030,802.702,-687.903,790.669,-694.132,778.938,-699.634,766.749,-705.147,753.245,-710.700,738.557,-716.289,723.285,-721.896,706.409,-727.552,690.529,-733.178,675.211,-738.786,657.039,-744.481,638.430,-750.190,619.745,-755.901,598.281,-761.696,574.610,-767.559,539.761,-773.434
369.765,-403.936,316.007,-401.370,272.488,-398.688,233.387,-395.900,192.165,-393.140,149.055,-390.458,109.873,-387.709,69.884,-384.918,28.200,-382.228,-15.306,-379.519,-71.454,-376.728,-165.628,-373.998,-264.506,-371.318,-290.691,-370.424,-306.385,-369.002,-324.955,-366.212,-337.297,-363.477,-347.090,-360.795,-355.894,-358.022,-364.067,-355.247,-372.300,-352.565,-378.647,-349.831,-384.122,-347.040,-390.616,-344.335,-397.177,-341.641,-403.013,-338.850,-410.212,-336.105,-417.127,-333.423,-423.290,-330.660,-428.827,-327.812,-436.122,-323.308,-441.832,-320.349,-448.722,-316.141,-456.902,-310.718,-465.603,-304.807,-486.972,-286.092,-509.206,-264.046,-531.127,-239.481,-538.172,-229.684,-544.053,-221.011,-551.174,-211.204,-554.953,-204.712,-557.635,-199.238,-560.400,-193.748,-564.704,-186.259,-567.975,-178.621,-570.683,-173.125,-573.474,-167.651,-576.205,-161.306,-578.887,-154.557,-581.664,-146.996,-584.435,-138.184,-587.117,-129.700,-589.854,-120.620,-592.645,-111.606,-595.347,-101.751,-598.044,-93.306,-600.836,-81.505,-603.577,-71.231,-606.259,-55.945,-609.026,-36.548,-611.807,-7.484,-614.489,25.857,-617.216,59.469,-619.929,141.223,-618.630,334.360,-615.944,379.993,-613.153,408.295,-610.401,428.266,-607.719,442.260,-604.963,457.624,-602.172,471.477,-599.489,485.323,-596.773,498.931,-593.982,510.207,-591.259,522.105,-588.577,534.345,-585.791,545.196,-583.029,555.398,-580.347,565.015,-577.601,573.790,-574.810,580.123,-572.117,587.185,-569.411,592.680,-566.620,598.154,-563.887,603.627,-561.205,609.101,-558.430,614.574,-555.466,620.238,-549.139,629.357,-545.172,636.062,-539.663,644.252,-536.029,650.657,-530.938,658.525,-526.585,665.561,-522.147,672.729,-518.138,679.529,-498.688,701.160,-469.472,728.306,-456.608,738.379,-446.468,745.770,-438.207,751.350,-431.998,754.778,-424.953,757.464,-418.620,760.256,-410.659,763.009,-402.395,765.691,-393.966,768.446,-383.466,771.237,-372.414,773.921,-361.291,776.636,-348.630,779.427,-335.656,782.151,-320.647,784.833,-306.787,787.617,-288.570,790.381,-249.140,793.063,-206.208,795.807,-168.537,798.599,-119.067,801.292,-10.105,802.672,101.432,799.962,197.717,797.229,312.163,795.509,448.497,795.944,503.168,793.218,541.125,790.536,574.035,787.801,604.924,785.010,629.003,782.306,647.678,779.611,658.781,776.820,666.278,774.076,675.814,771.393,684.005,768.630,692.167,765.846,700.432,763.164,708.655,760.440,716.809,757.649,724.076,754.934,731.196,752.250,739.014,749.458,745.460,746.704,752.296,744.021,758.012,741.268,765.308,738.477,770.836,735.792,776.438,733.078,783.733,730.287,789.366,727.562,794.884,724.879,802.159,722.097,807.896,719.332,813.369,716.649,818.843,713.907,824.316,711.115,829.789,708.420,835.263,705.716,840.769,702.892,847.938,698.461,854.271,694.919,862.421,689.470,871.109,683.480,891.707,665.609,917.666,638.668,931.598,622.054,939.863,611.023,943.760,604.345,950.511,594.912,956.731,585.964,960.273,579.631,964.668,572.525,967.480,567.025,970.509,561.205,974.958,554.005,977.785,548.495,980.502,542.065,983.184,535.440,985.976,529.633,988.732,522.410,991.414,515.553,994.166,509.097,996.957,501.286,999.644,493.000,1002.356,483.131,1005.147,474.116,1007.874,463.296,1010.556,450.687,1013.337,436.221,1016.104,413.861,1018.785,363.432,1019.760,90.246,1017.032,4.280,1014.334,-16.279,1011.633,-32.788,1008.842,-47.167,1006.105,-61.691,1003.422,-72.812,1000.651,-83.411,997.875,-91.876,995.192,-100.140,992.448,-108.195,988.234,-116.411,984.587,-126.092,979.516,-135.582,975.138,-143.145,970.545,-150.464,965.628,-158.172,961.722,-164.791,954.602,-174.597,948.378,-183.612,940.446,-194.297,932.073,-205.352,922.720,-217.461,894.520,-248.360,853.543,-288.353,845.037,-296.580,829.954,-309.019,821.703,-314.520,813.548,-319.884,806.434,-324.310,800.819,-327.214,793.524,-331.719,787.883,-334.631,782.410,-337.422,776.937,-340.115,771.463,-342.821,765.563,-345.646,755.845,-350.080,748.719,-353.137,743.241,-355.912,737.762,-358.685,731.035,-361.367,724.527,-364.102,716.761,-366.893,709.524,-369.597,700.838,-372.292,694.013,-375.083,686.017,-377.827,677.752,-380.509,669.308,-383.274,658.767,-386.057,647.681,-388.739,634.888,-391.464,620.039,-394.255,599.232,-396.969,566.277,-399.654,502.969,-402.445,428.289,-405.045
235.509,-322.401,191.652,-323.554,158.746,-323.303,128.140,-322.804,100.619,-321.974,72.309,-321.229,45.471,-320.326,16.689,-319.632,-15.662,-319.321,-49.273,-319.145,-75.683,-318.196,-98.315,-316.842,-119.020,-315.281,-135.722,-313.290,-150.252,-311.065,-164.958,-308.860,-176.964,-306.366,-189.883,-303.969,-202.284,-301.516,-213.910,-298.980,-225.501,-296.441,-235.684,-293.751,-245.476,-291.018,-256.100,-288.375,-265.370,-285.586,-274.807,-282.816,-283.445,-279.960,-293.053,-277.207,-301.876,-274.370,-311.025,-271.569,-319.297,-268.673,-328.826,-265.913,-337.270,-262.595,-347.205,-258.002,-359.272,-251.529,-369.551,-244.316,-388.100,-232.410,-400.494,-225.161,-413.448,-212.482,-422.419,-201.834,-429.386,-192.172,-437.988,-180.559,-443.854,-172.389,-449.007,-164.819,-455.598,-156.088,-462.036,-147.482,-467.718,-139.485,-473.533,-131.380,-478.088,-124.292,-482.631,-117.212,-487.174,-110.133,-491.717,-103.054,-496.261,-95.974,-500.815,-88.790,-505.544,-79.984,-510.288,-71.034,-515.032,-62.086,-519.770,-53.196,-524.515,-44.234,-529.437,-33.631,-534.420,-22.445,-539.566,-9.758,-544.940,5.064,-550.599,22.538,-556.431,41.628,-563.054,68.081,-573.418,131.282,-580.045,171.682,-582.702,178.685,-578.709,188.381,-576.844,206.564,-574.781,222.598,-572.358,235.273,-570.022,248.754,-567.651,261.916,-565.161,273.965,-562.995,289.039,-560.569,301.686,-558.181,314.686,-555.502,324.972,-552.771,334.782,-549.752,344.865,-545.333,354.825,-541.406,363.935,-535.878,375.030,-530.867,385.485,-524.409,397.734,-517.553,410.477,-512.122,421.452,-506.734,432.375,-488.031,459.594,-433.777,525.823,-417.594,541.690,-408.309,548.968,-399.810,555.274,-392.298,560.354,-384.173,566.158,-374.722,572.006,-365.537,578.459,-358.145,583.389,-351.066,587.932,-343.986,592.475,-336.645,597.047,-327.688,601.792,-318.678,606.543,-309.107,611.353,-298.304,616.296,-287.700,621.217,-278.738,625.963,-269.849,630.701,-260.900,635.445,-252.258,640.155,-245.133,644.704,-237.058,649.354,-227.033,654.214,-216.107,659.170,-204.779,664.169,-191.819,669.343,-177.248,674.691,-158.759,680.459,-134.879,686.805,-90.705,695.250,46.023,709.760,118.114,713.780,158.587,714.341,197.314,714.714,236.006,715.083,271.178,715.074,303.020,714.708,335.934,714.458,364.462,713.736,392.629,712.976,416.051,711.706,435.370,709.996,452.733,708.077,469.319,706.073,484.769,703.948,500.037,701.803,516.718,699.810,535.767,698.071,550.145,695.831,564.357,693.572,575.834,691.021,587.087,688.445,598.502,685.887,608.274,683.152,617.272,680.334,625.655,677.451,635.097,674.681,643.023,671.748,650.905,668.810,658.788,665.873,666.799,662.831,676.616,658.335,687.096,653.302,699.091,647.050,710.932,640.920,721.978,635.433,735.145,628.235,747.208,621.927,760.894,614.311,775.859,605.664,790.778,597.054,805.773,588.383,823.692,577.006,832.842,570.352,843.842,561.121,853.915,551.415,862.297,543.602,874.718,530.344,885.192,518.484,893.577,508.308,900.185,499.563,905.757,491.655,910.305,484.572,914.861,477.371,919.588,468.583,924.215,460.721,929.106,450.403,934.051,439.584,938.996,428.763,944.011,417.290,949.364,402.666,955.097,384.498,961.407,360.985,967.437,346.962,970.755,335.903,974.662,260.727,974.429,227.607,972.697,208.497,970.593,192.847,968.657,175.630,966.646,159.111,964.279,145.918,961.625,135.398,958.958,124.992,956.217,115.277,953.369,106.563,950.584,97.258,947.651,89.345,944.713,81.463,941.775,73.581,938.838,65.698,935.899,57.815,932.403,49.240,928.181,39.764,925.011,31.594,920.532,21.799,916.784,12.911,912.666,3.372,908.611,-7.851,905.133,-16.634,901.358,-25.555,896.796,-35.453,892.603,-44.892,889.406,-53.096,883.650,-64.475,874.006,-80.676,856.032,-106.774,835.447,-130.332,820.465,-144.687,810.791,-152.449,799.914,-161.703,790.194,-169.521,783.072,-174.118,775.993,-178.661,768.913,-183.204,761.829,-187.748,753.777,-192.396,745.539,-197.064,736.377,-201.831,726.689,-206.654,714.673,-211.727,701.926,-216.879,689.244,-222.024,678.082,-227.005,667.487,-231.925,658.535,-236.670,649.528,-241.420,636.784,-246.571,623.347,-251.797,607.553,-257.275,591.064,-262.829,573.880,-268.457,553.023,-274.479,523.567,-281.424,482.591,-289.605,450.145,-296.871,389.564,-306.928
269.597,-401.581,226.750,-398.467,192.008,-395.187,164.555,-391.915,141.229,-388.639,120.880,-385.364,105.314,-382.092,90.417,-378.813,77.050,-375.544,63.967,-372.261,50.852,-368.995,37.766,-365.714,24.663,-362.443,12.547,-359.166,0.974,-355.892,-10.482,-352.619,-22.986,-349.341,-33.352,-346.071,-46.782,-342.790,-57.139,-339.523,-68.807,-336.241,-80.315,-332.972,-91.595,-329.693,-102.589,-326.420,-112.422,-323.146,-123.209,-319.869,-136.316,-316.598,-148.008,-313.318,-158.193,-310.051,-169.816,-306.768,-178.255,-303.500,-186.631,-300.221,-194.891,-296.948,-202.294,-293.274,-211.033,-288.261,-220.985,-283.191,-229.976,-278.081,-242.469,-270.395,-251.031,-265.125,-260.864,-258.574,-272.505,-250.203,-286.737,-239.249,-311.097,-218.018,-338.629,-190.349,-360.802,-167.249,-394.632,-130.422,-403.399,-121.078,-417.303,-104.157,-430.305,-87.872,-438.538,-76.371,-445.910,-65.720,-452.096,-56.262,-458.112,-46.970,-462.976,-38.831,-467.975,-30.560,-473.055,-22.201,-476.585,-15.402,-479.867,-8.837,-484.645,-0.051,-488.513,8.454,-491.792,15.015,-495.064,21.571,-498.340,29.190,-501.616,36.777,-504.887,44.566,-508.167,52.564,-511.435,62.168,-514.717,72.005,-517.985,83.350,-521.265,94.652,-524.536,107.646,-527.812,120.817,-531.087,135.585,-534.360,149.052,-537.639,162.143,-540.907,175.254,-544.190,188.337,-547.457,201.454,-550.738,215.391,-554.008,231.985,-557.273,257.743,-558.270,327.044,-555.155,361.825,-551.877,379.414,-548.607,395.684,-545.326,409.601,-542.059,422.718,-538.777,435.769,-535.508,447.330,-532.229,458.903,-528.956,469.197,-525.682,479.679,-522.405,490.261,-519.134,499.147,-515.854,508.124,-512.587,517.811,-509.304,525.771,-506.036,533.940,-502.756,542.265,-499.485,548.923,-496.209,555.473,-492.933,562.022,-489.661,568.571,-486.262,575.241,-481.195,583.589,-477.413,590.638,-469.683,601.650,-460.339,614.263,-427.485,649.759,-388.864,686.100,-375.904,695.786,-365.542,702.871,-355.368,709.774,-346.345,715.518,-335.109,723.486,-325.306,730.006,-316.869,735.176,-307.112,741.653,-298.885,746.608,-290.559,751.658,-282.252,756.690,-275.240,760.430,-266.937,765.453,-260.136,768.986,-253.441,772.253,-245.031,775.536,-236.561,778.804,-226.697,782.083,-214.888,785.355,-200.483,788.631,-179.853,791.907,-155.359,795.178,-120.302,798.458,-42.243,801.699,100.805,801.715,169.903,798.475,257.056,795.195,367.682,791.924,434.097,788.647,480.402,785.373,520.444,782.100,557.086,778.821,594.177,775.552,618.908,772.270,636.913,769.003,651.998,765.722,665.123,762.452,678.405,759.175,688.416,755.901,698.240,752.627,707.542,749.349,714.509,746.080,722.861,742.798,729.595,739.532,736.145,736.249,742.694,732.980,749.243,729.702,755.866,726.356,764.077,721.419,771.102,717.668,779.946,712.101,791.236,704.080,806.313,692.285,835.436,664.957,856.604,640.781,869.384,624.731,876.971,613.866,883.516,604.047,888.944,595.346,894.002,587.010,897.580,579.607,901.456,570.788,906.227,560.892,909.508,554.182,912.788,546.804,916.059,538.675,919.336,530.406,922.610,523.342,925.883,513.808,929.161,502.242,932.431,490.687,935.713,476.994,938.979,460.589,942.261,439.938,945.531,412.406,948.809,385.453,952.082,345.517,955.339,248.012,956.022,121.395,952.864,64.506,949.583,37.877,946.317,18.076,943.034,2.459,939.765,-10.782,936.486,-22.918,933.214,-33.200,929.939,-43.636,926.663,-52.502,923.391,-62.323,920.112,-72.131,916.844,-80.570,913.561,-88.993,910.294,-97.195,907.014,-105.177,903.742,-113.298,900.466,-121.630,897.191,-129.932,893.919,-136.952,890.640,-145.785,887.371,-154.266,884.089,-162.671,880.822,-169.565,877.541,-177.914,874.270,-184.585,870.639,-191.488,864.472,-200.931,855.252,-213.426,834.204,-237.725,818.887,-253.728,813.920,-259.134,808.871,-264.181,790.973,-280.159,781.074,-289.863,767.456,-301.282,751.009,-314.452,739.269,-322.918,730.334,-328.581,723.724,-331.912,717.174,-335.192,710.610,-338.474,701.876,-343.232,693.316,-347.120,685.881,-350.400,678.107,-353.671,671.549,-356.947,664.991,-360.223,657.239,-363.495,649.241,-366.774,641.025,-370.042,631.940,-373.325,622.109,-376.592,612.291,-379.873,602.138,-383.143,587.211,-386.420,560.670,-389.694,526.692,-392.968,493.910,-396.246,460.717,-399.515,395.270,-402.644
382.357,-217.566,256.885,-228.407,124.466,-239.827,22.264,-247.953,-56.077,-253.615,-79.727,-255.044,-103.235,-254.864,-121.035,-253.853,-136.920,-252.595,-152.032,-251.317,-165.779,-249.838,-177.120,-248.115,-187.828,-246.347,-197.376,-244.396,-205.249,-242.325,-213.131,-240.222,-219.638,-237.961,-225.865,-235.719,-233.856,-233.600,-240.205,-231.348,-247.552,-228.321,-256.879,-225.106,-263.661,-222.412,-271.559,-218.705,-277.747,-216.393,-283.899,-214.128,-290.056,-211.809,-296.684,-209.169,-304.649,-205.420,-310.851,-203.085,-317.661,-200.302,-325.540,-196.599,-334.046,-192.436,-342.439,-188.355,-350.659,-184.386,-362.614,-177.467,-375.347,-169.871,-390.467,-160.378,-408.287,-148.728,-431.100,-133.016,-459.520,-112.749,-488.606,-88.271,-498.427,-77.722,-507.172,-67.999,-514.042,-59.841,-518.432,-53.632,-521.983,-48.110,-525.559,-42.581,-529.239,-35.570,-533.084,-27.582,-536.773,-20.752,-540.777,-10.927,-544.527,-3.894,-548.224,3.263,-552.278,13.292,-556.847,28.104,-561.645,45.358,-566.591,63.408,-571.867,84.989,-576.889,101.861,-580.035,109.588,-583.238,138.528,-587.229,190.082,-586.609,211.622,-586.159,234.798,-585.313,253.887,-583.833,267.768,-581.917,277.188,-579.751,284.384,-577.404,291.341,-573.668,300.959,-570.184,308.595,-567.076,315.774,-564.808,321.928,-562.359,328.247,-556.081,339.400,-545.846,355.383,-533.237,371.330,-516.616,388.791,-503.802,401.376,-493.972,410.306,-487.292,415.306,-479.562,421.579,-472.730,426.801,-467.197,430.342,-461.678,433.898,-456.159,437.467,-450.059,441.617,-441.363,447.084,-435.615,450.672,-430.094,454.215,-424.577,457.796,-419.054,461.314,-413.534,464.885,-407.089,468.539,-400.390,472.197,-394.336,475.841,-386.045,479.668,-379.315,483.357,-372.034,487.115,-364.871,490.811,-356.476,494.709,-349.065,498.452,-339.997,502.383,-331.166,506.321,-322.691,510.160,-313.887,514.089,-303.746,518.142,-293.661,522.170,-284.216,526.183,-272.910,530.334,-261.569,534.526,-249.427,538.810,-236.626,543.119,-223.025,547.583,-208.703,552.075,-194.414,556.574,-180.206,561.094,-164.496,565.718,-151.778,570.075,-139.409,574.368,-125.126,578.853,-110.396,583.439,-93.178,588.231,-74.702,593.200,-43.388,599.562,23.667,609.751,48.142,612.675,93.339,618.990,167.255,629.962,218.443,638.494,336.426,653.149,415.854,659.055,446.778,659.464,471.896,659.254,491.008,658.342,506.263,657.078,518.273,655.417,530.198,653.750,539.169,651.800,549.506,649.935,558.753,648.006,568.359,646.097,580.238,644.413,588.167,642.355,599.010,640.552,608.319,638.617,617.404,636.664,627.026,634.722,636.317,632.813,644.607,630.745,653.672,628.771,662.767,626.832,671.300,624.771,678.774,622.652,685.853,620.466,692.011,618.163,698.164,615.910,705.713,612.476,713.163,609.157,723.080,603.856,734.027,597.688,745.945,590.799,757.365,584.264,768.909,577.642,781.488,570.212,796.055,561.130,816.006,547.355,821.985,542.520,827.031,538.527,844.732,524.035,875.866,496.374,891.636,481.019,901.028,470.795,907.939,462.601,914.110,454.943,919.130,448.260,923.748,441.885,927.295,436.349,932.522,429.026,936.951,421.366,940.513,415.819,944.082,410.281,947.771,403.179,951.670,394.779,955.658,385.112,960.291,369.572,965.676,347.423,973.471,302.504,978.902,278.929,978.297,268.780,979.039,231.469,979.519,200.162,979.034,177.176,978.184,157.879,976.916,142.471,975.389,129.042,973.791,116.880,971.810,107.786,969.737,99.638,967.483,93.435,965.164,87.277,962.543,80.680,957.851,71.535,951.362,60.174,942.463,45.756,922.996,18.337,912.955,5.392,901.043,-8.963,880.261,-31.597,870.437,-40.462,863.565,-45.716,855.700,-52.187,849.819,-56.162,844.303,-59.748,838.413,-63.732,831.423,-69.117,825.865,-72.734,820.342,-76.252,814.823,-79.837,807.925,-83.870,799.850,-89.422,793.641,-93.133,786.666,-96.812,779.723,-101.705,771.413,-106.791,762.688,-112.465,756.607,-116.179,749.851,-119.838,743.463,-123.491,737.923,-127.059,730.889,-130.741,724.331,-134.440,717.163,-138.157,709.723,-141.911,701.316,-145.803,692.840,-149.641,684.032,-153.572,673.894,-157.624,663.806,-161.653,654.909,-165.606,643.926,-169.722,633.480,-173.818,620.834,-178.155,606.761,-182.603,591.702,-187.225,566.685,-192.877,531.774,-199.616,467.521,-209.420
470.486,-381.665,439.341,-382.771,404.020,-384.178,365.348,-385.938,314.441,-389.007,232.203,-395.455,124.196,-404.774,94.979,-408.602,44.539,-413.893,-128.224,-431.914,-224.993,-439.786,-290.032,-444.323,-321.574,-448.552,-326.354,-449.021,-338.723,-448.299,-355.709,-447.778,-367.446,-446.705,-376.512,-445.351,-383.530,-443.782,-390.642,-442.223,-399.355,-440.831,-406.271,-439.255,-412.757,-437.736,-418.106,-436.097,-424.242,-434.541,-429.940,-432.939,-435.726,-431.346,-440.415,-429.638,-445.105,-427.930,-451.499,-426.401,-457.015,-424.346,-463.619,-420.991,-469.938,-417.866,-479.679,-411.971,-490.618,-405.106,-502.883,-397.167,-515.149,-389.228,-527.422,-381.282,-545.575,-368.576,-554.092,-362.923,-559.568,-357.494,-564.440,-353.125,-571.151,-345.701,-576.424,-339.440,-580.230,-334.366,-582.982,-330.146,-585.734,-325.927,-588.456,-321.704,-591.102,-317.473,-593.822,-312.542,-596.616,-306.907,-599.263,-302.674,-602.038,-297.218,-604.924,-290.705,-607.976,-282.615,-611.307,-271.873,-630.197,-105.735,-646.439,59.080,-649.949,85.425,-652.493,131.526,-655.138,178.608,-656.168,210.346,-656.835,238.624,-657.068,262.784,-657.111,285.021,-657.270,307.471,-657.313,328.808,-657.436,350.906,-657.408,371.569,-657.129,389.844,-656.765,407.314,-656.334,424.152,-656.007,441.967,-655.261,456.328,-654.165,467.845,-653.039,479.076,-651.899,490.182,-650.563,499.416,-649.208,508.470,-647.828,517.292,-646.252,524.244,-644.667,531.121,-643.142,537.619,-641.502,542.951,-639.939,550.035,-636.724,558.044,-634.867,562.917,-633.159,567.605,-631.451,572.294,-629.491,577.293,-625.789,584.403,-621.452,592.220,-616.193,601.175,-609.949,611.347,-596.952,629.509,-584.146,643.208,-577.103,649.446,-572.261,652.966,-568.041,655.718,-563.813,658.390,-559.583,661.036,-555.352,663.682,-551.122,666.328,-546.890,668.975,-541.351,671.758,-536.320,674.489,-528.773,677.484,-521.824,680.434,-513.548,683.612,-504.974,686.822,-496.400,690.031,-487.826,693.240,-479.253,696.449,-470.460,699.681,-460.050,703.084,-451.135,706.329,-439.803,709.766,-425.865,713.433,-410.980,717.200,-395.757,721.002,-376.731,725.205,-356.526,729.531,-336.318,733.858,-314.484,738.355,-291.996,742.922,-270.283,747.513,-244.902,752.490,-220.531,757.360,-190.351,762.842,-152.007,769.182,-74.908,779.595,132.139,800.842,162.524,803.588,308.695,816.721,403.787,824.521,475.720,829.885,532.489,833.654,578.661,836.309,618.836,838.333,657.194,840.166,697.035,842.155,739.908,845.062,754.536,846.537,778.284,846.836,790.517,845.921,799.772,844.693,807.878,843.344,814.850,841.876,821.818,840.408,827.118,838.764,831.809,837.031,836.509,835.217,841.977,832.782,849.198,828.927,857.578,824.133,871.190,814.763,880.495,805.457,885.771,799.193,891.044,792.931,896.145,786.747,899.102,782.265,901.748,778.035,904.394,773.803,907.158,768.457,909.908,763.236,912.709,757.540,915.422,752.667,918.266,746.628,921.242,740.272,924.037,735.636,927.186,727.634,930.187,721.042,933.148,714.825,935.935,710.265,938.932,703.708,942.106,695.476,945.043,689.003,947.929,682.489,950.893,675.239,954.019,666.446,957.145,657.651,960.272,648.856,963.398,640.059,966.694,629.654,970.060,618.579,973.298,609.627,976.707,599.148,980.135,588.501,983.380,579.586,986.800,569.002,990.239,558.251,993.703,547.255,997.363,534.389,1001.012,521.326,1004.674,507.434,1008.520,491.793,1012.645,473.504,1017.323,449.961,1022.388,422.726,1027.971,390.575,1034.237,351.927,1041.460,304.177,1047.445,269.203,1052.219,263.393,1053.520,259.366,1051.277,241.130,1071.621,24.100,1075.452,-34.263,1076.991,-70.840,1077.475,-97.378,1077.650,-120.850,1077.330,-138.735,1076.751,-154.159,1075.914,-167.127,1075.034,-179.689,1074.159,-192.304,1073.171,-203.838,1072.020,-213.825,1070.973,-224.803,1069.902,-236.105,1068.184,-241.715,1066.564,-248.250,1064.774,-253.164,1062.955,-257.871,1055.231,-269.424,1045.878,-278.500,1039.230,-282.175,1034.972,-284.931,1030.269,-287.630,1023.111,-290.585,1014.318,-293.711,1005.523,-296.837,996.725,-299.964,985.239,-303.373,971.879,-306.979,956.829,-310.764,945.019,-314.247,930.495,-318.082,915.475,-321.969,902.206,-325.672,887.129,-329.566,870.379,-333.635,855.636,-337.493,826.981,-342.814,777.234,-350.349,660.910,-361.047,619.308,-363.353,563.997,-370.885,520.419,-377.531
206.958,-264.307,152.712,-267.402,71.324,-273.267,24.466,-275.375,-1.081,-275.214,-19.518,-274.217,-34.766,-272.924,-51.142,-271.738,-65.379,-270.298,-78.768,-268.819,-89.691,-267.011,-99.029,-265.069,-107.923,-263.078,-114.545,-260.804,-120.721,-258.542,-126.904,-256.227,-133.407,-253.675,-141.547,-249.818,-149.545,-246.032,-158.414,-241.604,-166.034,-238.140,-173.876,-234.505,-184.816,-228.404,-196.098,-221.976,-212.114,-211.795,-231.695,-198.718,-247.995,-188.275,-270.528,-172.679,-295.861,-150.697,-304.478,-141.077,-312.415,-132.019,-324.050,-120.005,-331.909,-110.980,-341.606,-100.534,-350.617,-90.603,-359.317,-80.925,-366.250,-72.697,-372.995,-64.569,-378.535,-57.458,-384.007,-50.380,-388.855,-43.793,-395.583,-35.738,-399.766,-29.669,-403.348,-24.126,-406.919,-18.583,-410.481,-12.890,-414.339,-4.972,-418.068,2.293,-421.902,10.230,-426.703,27.034,-431.575,44.029,-433.971,47.902,-433.448,68.395,-434.806,108.224,-435.026,137.732,-434.843,163.065,-433.733,180.428,-432.287,194.316,-430.589,205.936,-428.510,214.326,-426.708,224.745,-424.514,232.060,-422.403,239.889,-420.127,246.114,-417.865,252.890,-415.765,260.561,-413.457,266.762,-411.159,272.943,-408.246,279.916,-404.689,287.629,-402.413,293.816,-400.073,300.043,-396.323,308.023,-393.654,314.699,-390.106,322.401,-386.829,329.825,-382.187,338.922,-378.663,346.613,-374.247,355.469,-368.074,366.438,-360.606,379.065,-352.186,392.869,-336.808,415.128,-328.830,425.162,-324.759,430.224,-321.302,434.565,-316.653,441.026,-299.243,459.455,-288.525,470.523,-283.473,475.984,-273.896,484.609,-264.754,492.628,-255.352,501.031,-246.817,508.286,-238.148,515.751,-231.081,521.222,-225.146,525.247,-219.544,528.923,-212.414,534.439,-206.347,538.330,-199.053,542.103,-193.364,545.654,-185.521,549.503,-176.986,553.381,-166.858,557.442,-157.983,561.393,-148.051,565.404,-138.507,569.431,-128.386,573.488,-119.648,577.391,-109.377,581.502,-99.441,585.513,-89.851,589.537,-78.726,593.711,-67.444,597.883,-57.388,601.973,-44.501,606.309,-33.092,610.523,-20.838,614.827,-7.897,619.171,7.123,623.801,20.217,628.166,38.492,633.119,60.242,638.460,88.152,644.423,121.980,651.094,160.897,658.266,239.236,667.832,276.832,669.033,299.430,668.554,322.385,668.054,346.115,667.673,366.281,666.907,384.079,665.845,401.977,664.855,415.883,663.381,429.632,661.908,443.168,660.430,453.801,658.586,465.741,656.946,476.031,655.086,487.691,653.380,496.689,651.416,507.079,649.546,516.350,647.609,525.456,645.628,533.759,643.550,541.593,641.467,550.193,639.402,557.678,637.265,564.836,635.079,571.020,632.764,577.197,630.502,583.380,628.181,589.559,625.894,595.766,623.588,603.645,619.901,610.991,616.699,618.915,612.984,625.447,610.408,633.572,606.565,639.914,604.110,649.145,599.391,662.121,591.616,692.749,567.987,709.911,551.590,720.161,540.702,729.187,530.748,735.976,522.618,740.816,516.063,745.024,509.975,750.269,503.112,753.840,497.551,757.406,492.007,760.993,486.465,764.528,480.918,768.123,475.377,771.681,469.832,775.264,464.062,779.054,456.714,782.604,451.024,786.385,443.704,790.085,436.921,793.779,430.068,797.641,422.109,801.492,413.661,805.239,406.584,809.280,396.723,813.167,388.029,817.340,377.213,821.657,364.529,826.065,351.307,831.332,330.209,839.564,281.312,846.817,215.773,849.230,166.714,850.328,129.288,849.914,105.608,848.628,90.444,847.085,77.073,845.278,66.501,843.245,57.982,841.193,49.322,839.246,40.251,837.052,32.943,834.944,25.073,832.843,17.251,830.567,10.594,828.305,4.417,825.995,-1.765,823.697,-7.945,821.412,-14.138,817.679,-22.071,808.464,-36.757,787.100,-62.028,770.347,-79.550,759.384,-89.824,751.075,-96.868,741.358,-105.603,732.987,-112.687,726.210,-117.789,717.046,-124.149,709.448,-129.606,703.882,-133.187,698.338,-136.748,692.683,-140.482,685.496,-146.054,679.370,-149.904,670.667,-155.524,664.757,-159.480,659.216,-163.079,653.605,-166.621,646.312,-170.394,640.446,-173.998,633.333,-177.715,626.736,-181.430,618.347,-185.280,609.880,-189.173,600.550,-193.161,589.254,-197.325,579.756,-201.355,568.416,-205.532,555.332,-209.919,542.769,-214.265,525.118,-219.114,499.569,-224.884,463.951,-231.704,397.264,-241.904,298.513,-255.466
329.859,-521.423,299.989,-522.053,287.319,-522.952,274.614,-523.780,260.131,-524.712,247.626,-525.943,241.011,-526.120,235.398,-526.856,229.776,-527.479,224.010,-527.863,209.437,-528.188,183.602,-528.051,166.692,-526.964,151.130,-525.739,136.604,-524.405,120.225,-523.263,106.149,-521.886,94.844,-521.440,87.005,-521.496,77.689,-519.649,66.069,-518.014,54.114,-516.413,43.276,-514.694,35.287,-512.682,25.810,-510.823,19.236,-508.662,13.315,-506.434,7.396,-504.206,1.476,-501.977,-4.443,-499.748,-10.363,-497.519,-16.796,-494.874,-24.779,-490.969,-35.262,-485.037,-44.189,-480.367,-53.747,-475.185,-65.015,-468.615,-86.127,-453.998,-98.803,-444.582,-110.437,-436.556,-118.989,-429.972,-129.705,-419.408,-144.147,-406.171,-148.916,-400.918,-153.869,-394.303,-160.832,-384.599,-168.118,-372.353,-172.500,-359.792,-176.585,-347.849,-180.358,-338.909,-184.275,-328.589,-188.012,-319.999,-191.683,-312.037,-195.794,-299.846,-203.224,-255.277,-205.556,-242.636,-210.207,-219.169,-215.612,-194.513,-221.867,-161.693,-225.742,-151.784,-229.708,-140.985,-233.582,-131.069,-237.877,-117.117,-243.480,-90.573,-249.621,-57.877,-260.658,53.463,-262.015,93.586,-262.319,107.576,-266.792,125.458,-271.020,138.767,-275.920,158.548,-280.546,176.229,-284.963,215.309,-289.872,245.521,-291.156,258.476,-294.973,303.683,-296.204,342.672,-296.254,370.505,-295.560,391.186,-300.879,464.669,-308.929,543.842,-308.107,561.842,-306.670,575.377,-305.445,590.962,-305.182,615.783,-303.854,630.369,-302.450,644.225,-301.051,658.119,-299.928,674.671,-299.228,695.307,-298.248,713.234,-297.249,730.980,-297.157,757.452,-297.129,784.551,-295.129,792.663,-293.369,803.085,-291.301,810.565,-289.191,817.772,-280.767,830.980,-258.147,850.136,-241.246,854.956,-229.725,858.996,-219.240,862.930,-207.609,866.984,-197.180,870.911,-179.450,875.554,-168.628,877.187,-151.795,880.822,-134.678,885.272,-126.055,887.621,-112.034,891.814,-94.050,896.272,-77.238,899.411,-63.266,902.203,-54.541,904.197,-48.895,905.066,-41.407,905.726,-21.119,907.937,25.011,912.353,42.997,914.423,48.843,915.249,65.068,917.810,81.688,920.321,118.584,926.629,133.582,928.581,200.889,936.059,242.055,940.269,248.075,940.540,261.129,939.831,279.766,938.927,293.900,937.710,303.349,937.242,315.060,935.734,322.935,933.709,331.072,931.711,338.407,929.629,345.745,927.548,354.067,925.570,362.150,923.565,369.486,921.500,376.550,919.928,387.480,917.444,395.811,915.500,403.182,913.612,411.802,911.646,421.111,908.492,433.727,904.229,443.529,900.399,454.633,894.008,463.719,889.209,473.486,883.858,483.243,878.500,496.597,868.704,514.025,852.232,525.001,840.729,530.360,832.783,534.463,825.571,539.479,816.924,542.975,811.060,546.509,804.417,549.987,798.326,553.793,789.059,557.644,779.365,561.552,769.232,566.244,760.586,570.446,754.337,574.345,747.826,579.257,740.045,582.872,732.952,586.753,722.974,590.527,714.033,594.359,704.516,598.549,689.769,601.025,671.515,605.393,628.637,606.628,616.888,612.181,581.509,617.899,553.829,625.460,508.450,632.171,471.253,637.152,450.685,642.959,422.176,649.928,382.500,655.404,357.144,661.329,317.563,663.198,281.942,667.660,257.080,673.015,232.902,680.349,189.711,691.445,110.279,698.890,51.155,698.668,28.439,696.759,19.432,695.576,3.466,695.370,-21.907,695.793,-53.167,696.139,-69.013,695.678,-82.883,693.981,-93.894,692.138,-103.514,690.406,-114.218,688.436,-122.624,686.378,-130.177,684.439,-138.886,682.499,-147.592,680.469,-155.416,678.227,-165.664,675.385,-177.076,673.312,-184.703,671.325,-192.945,669.245,-200.298,667.295,-208.897,665.215,-216.237,663.079,-223.052,660.932,-229.768,658.833,-236.922,656.646,-243.235,654.486,-249.828,652.299,-257.246,648.982,-266.095,646.755,-273.589,644.462,-280.284,641.184,-290.107,637.696,-298.114,633.104,-307.606,627.331,-319.467,622.412,-330.142,618.681,-337.962,614.772,-345.951,610.693,-354.381,606.193,-365.661,600.011,-378.961,570.897,-415.540,561.507,-428.691,555.777,-436.310,546.904,-445.417,541.069,-451.770,533.830,-457.769,521.789,-469.429,510.497,-479.918,502.423,-485.059,495.085,-488.680,488.155,-492.244,480.281,-495.906,469.413,-499.879,458.198,-503.496,448.756,-506.070,431.881,-509.867,400.575,-514.916
207.749,-664.640,176.509,-661.805,130.653,-662.134,99.924,-662.547,72.060,-660.125,55.014,-656.876,39.201,-653.597,24.429,-649.255,15.741,-645.447,7.483,-641.123,-1.490,-637.033,-10.332,-632.472,-16.938,-629.147,-23.530,-625.889,-31.370,-622.620,-39.227,-618.373,-48.657,-613.491,-57.106,-608.617,-64.636,-604.412,-78.728,-594.840,-97.787,-579.410,-119.489,-560.895,-135.020,-545.218,-143.313,-533.748,-152.649,-520.813,-159.393,-511.475,-166.742,-501.405,-172.243,-493.916,-177.178,-486.910,-188.598,-472.255,-200.815,-456.793,-212.121,-442.241,-223.512,-427.555,-230.751,-414.287,-235.020,-401.762,-238.298,-392.937,-241.566,-382.933,-244.834,-373.099,-248.101,-363.878,-251.369,-353.600,-254.637,-342.057,-257.906,-330.560,-261.174,-318.948,-264.443,-307.150,-267.711,-296.865,-270.980,-284.578,-274.250,-270.300,-277.521,-254.703,-280.793,-238.951,-284.064,-222.623,-287.336,-205.130,-290.608,-188.399,-293.881,-169.782,-297.153,-150.407,-299.654,-122.623,-297.514,-66.347,-294.280,-26.383,-291.578,-6.460,-290.179,10.814,-287.403,36.676,-288.830,63.533,-292.093,88.517,-295.371,115.134,-298.232,151.027,-299.272,168.696,-300.427,187.367,-303.541,223.645,-306.823,256.080,-310.094,271.286,-313.363,284.440,-316.634,299.992,-319.905,314.771,-323.180,339.224,-325.892,374.156,-327.341,392.467,-330.543,418.555,-333.822,446.031,-337.039,489.937,-337.889,512.980,-338.235,527.092,-340.936,575.150,-339.967,636.760,-336.745,668.022,-333.495,685.857,-330.242,701.355,-326.990,716.535,-323.737,730.672,-320.412,740.478,-315.780,752.374,-310.961,764.784,-307.423,774.519,-304.166,783.435,-300.384,792.202,-295.522,801.030,-290.580,809.255,-283.984,820.011,-277.135,830.877,-271.072,840.216,-266.588,847.968,-263.166,854.100,-258.907,858.680,-253.150,864.705,-248.060,870.856,-239.764,879.782,-231.361,888.143,-220.335,896.960,-213.034,902.745,-205.741,907.466,-192.697,917.261,-179.987,926.079,-169.154,932.671,-160.377,937.573,-151.448,942.227,-144.826,945.578,-136.200,950.320,-120.498,960.432,-98.584,978.790,-80.106,993.968,-66.050,1002.960,-55.710,1006.372,-45.934,1009.639,-34.525,1012.908,-25.121,1016.175,-14.980,1019.443,-5.251,1022.710,2.533,1025.977,9.531,1029.243,18.780,1032.510,27.398,1035.777,35.735,1039.167,47.452,1043.757,58.944,1047.228,73.691,1050.498,88.497,1053.769,102.394,1057.039,116.944,1060.309,132.967,1063.431,166.334,1062.765,187.366,1060.550,218.690,1057.934,256.127,1054.921,271.461,1052.991,282.931,1049.839,294.472,1046.584,305.396,1043.329,316.397,1040.074,329.061,1036.820,346.283,1033.569,372.686,1030.324,395.932,1027.077,416.951,1023.828,434.659,1020.577,453.409,1017.327,467.972,1014.074,475.832,1010.817,483.976,1007.561,492.126,1004.304,499.604,1001.047,506.798,997.790,514.384,994.533,522.323,991.276,530.410,988.020,537.840,984.763,546.846,981.507,557.378,978.251,567.818,974.996,579.196,971.742,589.030,968.486,599.215,965.231,608.221,961.781,618.072,956.831,628.768,950.621,638.302,945.593,646.859,940.704,655.062,935.770,667.712,925.502,681.430,909.513,692.096,895.602,696.108,888.304,699.374,880.665,702.640,873.310,705.907,865.535,709.176,858.643,713.100,848.848,717.351,826.115,720.642,796.414,723.922,767.078,727.195,748.358,730.466,732.832,733.738,715.993,737.007,699.246,739.155,578.633,736.664,428.277,733.439,369.622,730.200,336.603,727.915,313.028,727.881,299.268,727.685,272.537,727.963,222.322,729.332,130.526,728.099,25.663,725.172,-8.665,726.374,-41.776,729.625,-71.436,731.218,-122.001,728.404,-177.530,725.164,-213.628,721.919,-239.410,718.669,-259.597,715.420,-280.034,712.170,-299.324,708.918,-313.628,705.664,-327.229,702.410,-339.264,699.154,-353.542,694.684,-366.468,685.500,-379.797,674.816,-393.761,662.362,-409.493,648.835,-426.240,641.164,-435.415,623.481,-455.741,612.589,-469.909,605.587,-480.183,597.475,-491.568,590.639,-501.676,583.721,-511.866,576.325,-522.528,560.721,-540.404,532.729,-568.560,508.810,-590.808,497.617,-599.716,487.144,-605.682,479.680,-609.832,472.075,-614.164,462.541,-619.388,451.948,-625.113,441.903,-631.039,430.731,-635.380,419.307,-638.666,407.687,-641.934,395.900,-645.203,384.842,-648.471,369.695,-651.742,351.964,-655.015,331.481,-658.289,308.852,-661.564,283.135,-664.758,227.017,-666.000
268.336,-582.733,256.568,-579.852,244.932,-576.666,232.999,-573.315,218.068,-569.171,203.104,-566.164,187.161,-563.425,169.352,-560.786,147.962,-557.316,133.534,-552.976,120.899,-549.389,108.047,-544.841,95.705,-539.376,84.341,-534.138,74.348,-530.009,65.155,-526.528,52.484,-520.237,31.919,-507.565,19.820,-500.953,8.957,-496.085,-2.286,-490.961,-14.737,-485.721,-27.858,-479.559,-59.044,-454.884,-78.301,-435.535,-91.072,-421.187,-103.037,-407.493,-115.244,-393.604,-122.146,-383.994,-129.926,-372.756,-137.665,-361.956,-143.083,-353.551,-148.439,-344.306,-153.838,-334.646,-159.269,-325.318,-166.101,-313.363,-172.290,-301.076,-179.240,-288.648,-185.073,-277.599,-190.675,-266.000,-196.091,-256.179,-201.494,-246.486,-206.969,-236.867,-213.947,-226.214,-221.046,-215.919,-226.542,-207.426,-234.160,-194.714,-241.320,-180.892,-246.758,-171.071,-252.169,-161.304,-257.803,-149.383,-263.600,-135.895,-269.510,-121.328,-275.674,-104.309,-281.494,-90.607,-287.533,-74.790,-293.303,-61.565,-298.792,-51.042,-304.266,-40.669,-309.676,-30.905,-315.245,-19.611,-320.953,-6.986,-326.740,6.400,-332.389,18.463,-338.191,32.002,-344.247,47.977,-350.372,64.613,-356.400,80.318,-362.324,95.025,-368.290,110.526,-374.686,154.292,-380.413,204.638,-387.594,235.814,-391.769,282.553,-389.773,304.668,-392.906,377.098,-392.868,419.013,-390.232,435.942,-387.271,449.738,-384.207,462.552,-381.081,474.768,-377.992,487.330,-374.781,498.731,-371.517,509.613,-368.732,525.104,-366.387,544.830,-363.677,561.179,-359.997,576.229,-356.038,588.057,-352.197,597.737,-347.720,608.176,-343.785,618.916,-339.160,630.585,-334.092,643.194,-329.855,653.851,-326.524,664.257,-323.100,673.602,-319.703,684.456,-315.408,697.680,-311.661,708.311,-306.574,720.828,-299.139,734.970,-290.754,750.205,-283.166,764.459,-271.220,784.108,-261.792,803.537,-275.501,804.637,-293.450,796.361,-303.686,802.667,-312.750,813.085,-322.214,840.396,-326.446,862.049,-318.020,885.098,-305.541,900.614,-292.802,909.008,-287.549,920.556,-281.261,932.000,-265.006,938.040,-247.983,922.703,-230.849,917.290,-213.621,918.194,-195.076,910.825,-185.124,899.293,-174.980,896.611,-164.066,903.246,-152.445,910.445,-141.305,918.039,-130.581,924.883,-120.349,931.536,-109.270,938.971,-92.519,945.429,-67.760,952.383,-9.758,960.734,42.560,963.695,55.891,964.806,67.961,966.238,116.600,972.352,169.280,974.841,188.786,971.637,205.633,966.711,231.308,964.787,254.283,962.780,270.277,960.047,284.690,957.150,297.496,954.085,310.032,950.993,322.247,947.867,337.199,945.080,356.809,944.084,375.689,944.213,394.301,943.982,410.223,941.632,424.353,937.537,436.808,934.003,446.559,930.619,457.323,927.176,470.518,922.448,486.989,917.611,501.803,913.803,513.614,910.619,525.833,907.555,538.273,904.638,552.231,901.450,564.291,898.298,575.604,893.681,594.132,881.318,605.744,872.242,627.376,852.647,643.782,837.127,656.797,822.764,665.631,811.612,672.552,802.013,678.475,793.224,683.740,784.905,689.120,775.435,694.836,765.293,701.837,752.457,707.591,740.601,713.310,727.866,719.002,715.395,725.660,693.628,733.258,662.211,740.634,601.658,740.789,567.238,743.290,535.040,747.493,460.390,746.059,431.927,744.478,404.859,743.386,373.209,744.480,334.458,751.368,280.191,754.940,244.409,757.367,200.683,757.663,160.397,756.175,132.432,754.072,110.380,751.204,95.686,748.331,81.038,745.379,67.154,742.678,50.859,740.113,33.241,737.472,16.372,735.009,-2.225,732.644,-21.757,730.985,-48.085,729.301,-74.172,727.006,-94.374,724.316,-110.780,721.578,-126.730,718.860,-142.867,716.405,-161.531,713.809,-179.007,710.257,-195.681,706.131,-207.436,701.652,-219.197,698.069,-228.589,694.625,-237.738,691.120,-247.256,686.681,-260.407,679.275,-276.647,668.088,-295.625,655.192,-316.359,643.029,-334.106,619.169,-362.364,595.251,-389.809,574.398,-412.608,549.520,-438.542,532.439,-452.020,519.869,-460.455,510.365,-466.392,496.747,-474.613,486.976,-480.583,477.658,-485.952,467.163,-492.012,455.977,-498.625,447.464,-503.976,437.065,-510.586,428.117,-518.339,415.719,-528.608,402.878,-537.161,391.587,-544.078,382.952,-549.499,374.492,-554.774,362.339,-560.432,348.234,-566.293,334.559,-572.100,317.282,-577.094,306.489,-578.858,291.132,-581.507
204.667,-444.794,191.330,-443.222,177.774,-441.467,163.037,-439.836,151.741,-437.846,144.411,-435.440,136.662,-433.079,129.308,-430.676,121.184,-428.354,113.198,-426.017,106.172,-423.580,96.913,-421.376,89.288,-419.002,80.499,-416.749,71.849,-414.473,62.856,-411.283,52.072,-406.813,43.368,-402.974,35.988,-399.863,28.351,-396.544,21.680,-394.007,13.113,-389.934,2.611,-384.292,-8.822,-377.895,-21.058,-370.846,-33.381,-363.728,-45.527,-356.751,-58.185,-348.448,-74.007,-333.453,-97.281,-311.715,-113.024,-296.512,-125.906,-284.945,-142.788,-268.461,-156.463,-254.504,-173.646,-237.703,-185.264,-225.447,-191.316,-219.208,-201.036,-209.134,-205.180,-202.906,-208.980,-196.954,-213.634,-189.987,-219.267,-181.415,-224.143,-174.537,-228.642,-166.962,-233.852,-158.034,-237.772,-151.143,-241.653,-144.361,-245.538,-137.539,-250.034,-124.870,-254.671,-110.853,-259.243,-97.460,-263.817,-84.049,-268.346,-71.076,-272.930,-57.564,-277.489,-44.298,-282.100,-30.529,-286.658,-17.271,-291.622,-0.121,-296.866,25.560,-300.878,83.047,-301.750,114.246,-305.673,131.885,-310.800,150.626,-315.992,169.727,-321.674,183.422,-326.449,193.606,-333.066,248.198,-334.375,289.047,-333.595,311.922,-333.125,337.765,-332.571,362.799,-332.243,389.995,-332.044,418.429,-332.830,456.277,-332.744,485.788,-331.287,502.192,-329.681,517.166,-328.116,532.530,-326.496,547.375,-325.163,564.958,-323.370,578.143,-320.952,585.372,-317.945,592.867,-313.519,603.365,-310.742,610.446,-308.092,616.728,-299.894,628.232,-288.968,645.069,-282.875,653.702,-273.961,665.024,-256.292,686.804,-243.519,701.116,-236.105,709.725,-229.595,714.013,-220.730,719.648,-211.799,725.352,-203.376,730.867,-196.839,734.981,-188.180,740.400,-180.184,745.185,-173.032,750.176,-165.695,754.175,-156.727,759.824,-147.457,765.657,-140.052,769.663,-131.176,774.749,-123.287,779.404,-116.867,783.251,-107.531,787.398,-95.344,791.844,-80.038,796.616,-64.855,801.376,-50.051,806.095,-25.903,811.792,6.778,818.381,35.762,824.583,96.060,833.611,131.061,835.514,154.638,834.813,176.540,833.932,194.473,832.635,210.096,831.097,224.734,829.456,241.606,828.048,256.598,826.444,273.276,825.016,288.727,823.460,305.034,821.993,321.020,820.493,338.403,819.138,350.172,817.197,361.066,815.165,371.068,813.039,381.290,810.936,391.807,808.864,402.006,806.758,410.303,804.454,418.462,802.135,426.682,799.823,435.616,797.586,442.987,795.185,451.168,792.868,460.622,790.572,471.563,787.204,481.020,784.814,489.586,782.020,499.230,778.291,507.303,774.736,515.907,771.277,525.151,767.500,532.379,764.520,538.991,762.030,547.028,758.387,560.006,750.737,571.999,743.886,582.867,737.497,589.754,730.207,595.152,722.963,602.082,714.473,609.353,705.708,614.025,699.049,619.255,691.936,623.226,684.911,627.254,676.721,631.219,669.135,635.301,660.429,639.179,653.672,643.236,645.209,647.260,637.050,651.237,629.351,655.598,617.973,660.418,602.213,665.163,587.167,670.003,571.209,674.729,556.342,679.537,540.694,692.587,446.223,702.377,381.320,706.199,338.559,707.808,317.800,711.247,269.859,718.187,226.104,723.725,197.321,727.395,168.018,732.359,145.599,732.473,127.900,730.985,111.864,731.014,83.575,732.147,68.035,732.293,40.082,731.783,14.622,730.867,-6.944,729.977,-28.774,729.055,-50.286,728.047,-70.980,727.182,-93.048,726.114,-113.165,725.158,-134.357,723.343,-147.331,721.115,-156.351,719.043,-166.876,716.978,-177.459,714.848,-187.421,712.741,-197.958,709.286,-209.818,704.758,-219.428,697.276,-233.697,693.086,-242.388,689.179,-248.467,668.577,-275.052,657.332,-287.079,647.893,-296.583,635.529,-308.045,624.643,-315.162,615.158,-320.757,607.728,-324.735,601.625,-328.545,595.677,-332.339,589.078,-336.200,579.503,-340.373,571.665,-344.329,565.149,-347.022,556.659,-350.619,547.092,-354.790,537.051,-359.011,528.018,-363.128,518.344,-367.311,508.396,-371.523,498.314,-375.764,487.048,-381.081,477.761,-384.553,467.066,-388.520,458.753,-391.270,448.496,-394.335,433.955,-399.019,420.400,-403.556,411.464,-406.392,399.977,-410.429,380.096,-415.678,356.556,-421.291,341.093,-424.619,329.777,-427.282,316.760,-430.060,296.212,-435.265,284.334,-437.356,276.726,-438.476,270.174,-438.834,259.076,-440.272,221.327,-444.195
-7.250,-339.168,-33.298,-337.463,-48.304,-335.649,-66.976,-332.136,-86.281,-328.606,-109.490,-325.120,-130.999,-321.615,-150.777,-318.090,-164.596,-314.496,-177.669,-310.893,-191.006,-307.293,-202.384,-303.671,-213.904,-300.050,-225.326,-296.428,-236.937,-292.809,-247.402,-289.058,-258.806,-284.136,-267.178,-280.243,-274.731,-276.577,-282.390,-272.890,-294.005,-267.553,-304.229,-262.308,-315.407,-256.395,-326.478,-249.472,-335.041,-244.816,-343.785,-239.983,-355.534,-232.214,-369.459,-222.319,-382.842,-212.954,-399.155,-200.725,-423.283,-180.860,-446.293,-161.902,-463.360,-144.771,-473.488,-131.234,-483.315,-117.862,-491.042,-104.870,-497.921,-92.971,-504.111,-82.260,-508.344,-73.723,-512.222,-66.091,-517.228,-54.980,-521.618,-42.695,-525.500,-31.791,-529.400,-19.171,-533.294,-7.107,-537.206,6.546,-541.141,22.180,-545.087,38.768,-549.135,64.133,-553.176,89.333,-556.448,120.522,-557.240,131.831,-558.474,153.049,-557.786,187.353,-555.511,202.452,-552.549,222.945,-550.311,239.903,-548.249,254.608,-545.740,272.224,-542.171,287.491,-538.568,300.589,-534.865,314.686,-530.023,332.458,-526.133,345.112,-521.364,354.745,-517.096,363.750,-512.133,372.723,-508.268,381.754,-504.090,390.389,-499.343,400.353,-494.759,408.953,-489.845,417.961,-482.614,430.487,-477.178,440.452,-470.058,452.722,-461.733,465.088,-449.820,481.079,-437.955,497.020,-428.633,510.355,-420.441,521.841,-410.386,533.677,-400.852,543.959,-369.523,575.359,-348.832,592.682,-338.418,600.675,-329.347,607.178,-319.508,614.935,-304.763,626.259,-291.381,636.155,-282.457,641.157,-273.480,645.279,-262.969,651.479,-253.320,656.564,-244.965,660.726,-237.330,664.581,-227.537,669.196,-216.583,674.151,-206.015,678.531,-192.579,685.289,-178.980,690.617,-167.221,694.408,-157.550,696.965,-146.939,700.579,-138.719,703.173,-130.592,705.308,-116.615,708.931,-101.212,712.863,-83.987,716.816,-66.030,720.588,-55.898,722.818,-47.034,724.143,-29.047,726.886,-9.998,729.706,0.507,730.910,11.609,731.497,29.714,732.612,60.703,734.427,118.525,734.256,143.789,734.012,166.052,731.220,192.397,727.773,215.865,724.290,234.561,720.753,253.667,717.224,269.481,714.289,283.037,711.684,302.945,708.530,323.877,706.301,341.322,704.835,349.743,703.634,364.577,702.015,388.683,698.668,412.752,695.210,429.974,692.639,440.589,690.805,458.952,688.398,475.526,686.065,495.682,684.210,513.850,682.119,525.247,679.989,534.604,678.209,545.374,676.061,560.686,673.255,571.443,671.554,586.483,667.262,597.151,663.556,607.355,659.765,618.263,656.137,632.026,652.542,645.897,649.035,654.520,646.788,662.392,644.734,675.176,641.003,688.543,637.685,701.182,633.717,712.966,628.908,721.765,625.175,735.300,616.595,758.788,594.414,768.794,584.651,789.185,564.462,800.374,553.688,811.916,542.303,822.451,531.932,836.745,515.710,850.775,498.245,865.953,479.680,877.701,464.489,889.189,449.750,896.088,441.237,905.956,427.585,912.040,416.714,917.069,406.770,922.293,396.667,929.622,380.943,933.828,370.858,939.002,358.169,943.173,346.740,947.063,335.035,950.955,323.151,955.029,295.143,958.233,268.326,958.857,247.183,959.128,235.299,959.185,220.639,959.375,209.252,959.622,199.910,959.878,189.869,959.874,178.555,959.290,139.143,956.878,54.039,953.694,4.847,950.223,-19.599,946.769,-45.577,943.251,-65.979,939.639,-78.206,936.000,-88.177,932.358,-98.325,928.049,-109.166,922.965,-120.615,916.694,-132.385,911.093,-142.863,905.426,-153.197,896.336,-166.290,885.236,-179.442,866.877,-194.681,853.223,-203.109,842.944,-208.575,834.483,-212.553,825.519,-216.411,815.483,-220.281,805.898,-224.146,796.262,-228.012,785.846,-231.887,774.804,-235.769,763.523,-239.653,753.813,-243.520,742.908,-247.609,726.229,-252.867,712.543,-256.913,699.512,-260.818,685.790,-264.731,672.757,-268.636,659.479,-272.544,644.679,-276.581,625.529,-280.671,608.439,-284.398,589.791,-288.367,572.493,-292.321,558.326,-296.239,545.013,-300.007,535.609,-301.946,523.923,-305.392,513.143,-307.825,502.101,-310.709,484.216,-314.663,457.452,-318.668,398.374,-320.971,315.853,-324.355,291.372,-325.808,242.140,-329.465,208.740,-330.012,197.990,-329.967,190.290,-329.688,177.563,-330.725,147.336,-334.604,120.578,-337.540,100.176,-339.262,75.001,-339.847
406.194,-915.497,372.803,-917.234,319.169,-923.000,270.437,-927.303,238.186,-928.191,220.731,-926.230,207.196,-923.779,189.570,-922.398,172.187,-923.367,160.528,-919.217,149.176,-916.788,137.074,-915.080,120.236,-912.999,107.452,-910.464,97.150,-907.659,82.328,-905.346,71.662,-902.571,59.043,-898.990,45.036,-894.050,32.651,-889.235,17.560,-882.967,5.840,-877.474,-2.852,-872.374,-17.357,-863.689,-28.271,-855.244,-39.866,-844.358,-54.489,-834.718,-66.698,-825.326,-77.414,-815.772,-93.611,-799.377,-106.397,-785.193,-116.152,-771.516,-124.256,-759.640,-131.176,-749.152,-136.366,-740.727,-143.313,-729.057,-149.997,-717.344,-155.035,-707.431,-160.187,-696.182,-165.408,-684.291,-170.348,-674.980,-175.610,-662.718,-181.542,-644.297,-188.899,-609.425,-192.099,-591.139,-196.107,-580.763,-201.507,-567.132,-207.135,-551.505,-213.014,-533.515,-217.908,-518.442,-222.442,-504.058,-228.348,-485.702,-233.952,-470.298,-240.606,-442.184,-247.348,-369.279,-248.428,-335.508,-252.243,-310.981,-261.181,-262.164,-265.285,-239.841,-268.254,-223.176,-269.761,-213.721,-270.327,-203.925,-270.544,-188.338,-267.430,-176.670,-264.525,-163.091,-268.990,-150.391,-272.288,-117.293,-272.880,-91.867,-271.668,-73.820,-271.459,-50.986,-276.896,-10.159,-284.015,19.785,-289.057,42.376,-294.594,75.990,-298.210,114.139,-301.178,142.876,-306.090,170.949,-307.554,205.882,-308.003,230.800,-308.592,250.973,-308.532,277.805,-306.338,293.672,-303.985,308.126,-302.371,329.371,-302.094,362.896,-305.511,430.349,-313.236,537.352,-321.892,644.472,-328.848,688.392,-335.181,734.501,-343.725,782.592,-350.691,849.453,-349.630,869.380,-349.755,895.096,-357.372,959.190,-365.427,998.871,-371.750,1056.273,-369.691,1072.117,-367.287,1086.105,-364.864,1099.913,-361.982,1109.528,-358.443,1118.625,-352.786,1131.523,-346.992,1144.157,-340.735,1159.630,-337.716,1173.463,-318.943,1198.878,-302.602,1213.923,-291.435,1220.417,-282.662,1225.607,-271.741,1232.025,-259.953,1237.981,-228.895,1246.191,-207.491,1250.908,-195.076,1253.247,-178.320,1256.650,-166.111,1259.226,-149.090,1264.704,-135.488,1269.498,-124.860,1272.793,-108.873,1278.377,-87.941,1284.151,-69.113,1288.937,-50.596,1293.923,-37.177,1298.085,-22.429,1302.469,-2.508,1307.237,42.169,1310.307,57.490,1308.104,67.624,1306.777,76.005,1307.437,83.994,1308.400,95.277,1312.110,108.520,1317.462,123.991,1322.474,134.984,1323.780,142.885,1324.621,160.084,1326.660,181.178,1329.713,195.531,1329.768,217.523,1334.481,235.146,1338.023,252.307,1342.420,264.786,1343.572,277.213,1341.272,289.182,1338.649,303.842,1336.318,335.141,1335.802,362.582,1335.837,383.147,1338.993,403.781,1338.119,416.779,1335.609,427.597,1332.907,437.774,1330.021,448.547,1325.488,462.192,1319.212,481.227,1307.475,493.779,1297.963,503.709,1286.602,514.869,1271.655,521.835,1259.226,526.790,1249.896,531.783,1240.103,536.861,1229.528,542.010,1218.431,548.486,1203.457,554.680,1189.215,560.413,1172.685,566.183,1155.757,571.557,1142.462,576.901,1129.445,582.468,1114.374,588.942,1090.973,596.156,1060.786,607.481,992.829,614.258,966.598,619.231,948.616,621.210,926.402,627.620,871.334,631.728,836.801,637.558,785.651,642.436,757.237,649.937,715.589,659.508,642.494,667.046,607.692,669.759,586.282,668.277,565.590,667.095,540.383,665.753,516.636,664.779,490.122,669.018,443.758,680.625,359.147,682.976,326.218,688.315,296.457,694.186,278.457,699.432,265.443,703.334,231.496,701.908,210.044,700.884,183.592,702.545,150.769,707.013,106.631,706.857,73.594,705.190,52.831,703.956,28.312,713.348,-72.658,722.579,-126.065,728.856,-160.426,730.645,-175.407,734.746,-190.282,742.810,-228.424,752.859,-291.421,757.112,-334.400,763.560,-392.805,771.430,-448.512,773.122,-493.080,777.144,-533.823,779.086,-560.638,776.790,-575.025,777.598,-618.515,777.024,-649.308,774.303,-660.380,771.568,-671.331,768.828,-682.229,766.381,-695.815,763.896,-709.167,759.601,-718.466,751.215,-728.085,742.301,-738.431,731.829,-751.641,712.875,-779.122,701.748,-795.558,684.866,-812.625,671.952,-824.057,661.389,-831.325,652.750,-837.510,644.035,-843.665,634.849,-848.687,624.827,-853.707,612.939,-859.498,600.504,-865.737,592.058,-869.353,582.483,-874.021,570.999,-879.082,554.375,-883.536,515.773,-891.407,486.775,-898.490,469.592,-904.286,456.132,-909.056,437.711,-912.950
347.321,-674.890,331.251,-676.085,312.102,-676.763,298.360,-677.807,272.600,-677.395,254.282,-675.149,239.150,-673.392,218.487,-671.092,201.172,-668.354,189.101,-665.058,178.030,-661.653,165.033,-657.713,148.086,-652.512,137.397,-648.875,124.221,-644.165,110.581,-638.410,100.415,-634.024,91.833,-629.525,78.409,-623.560,64.732,-617.199,51.599,-610.736,36.140,-602.390,18.678,-592.092,6.831,-584.929,-11.533,-573.773,-51.235,-541.743,-71.284,-523.690,-81.289,-511.613,-89.054,-501.427,-96.631,-492.301,-105.951,-478.651,-114.684,-466.592,-121.442,-456.979,-129.995,-445.931,-137.884,-435.420,-145.480,-425.145,-153.943,-414.170,-161.175,-404.189,-168.478,-394.145,-176.685,-382.773,-182.772,-371.422,-188.489,-360.753,-194.301,-350.471,-201.522,-337.646,-207.619,-325.747,-213.392,-314.547,-219.048,-304.432,-224.721,-294.163,-230.509,-282.811,-236.190,-272.467,-241.975,-261.151,-247.834,-249.968,-255.048,-236.767,-261.140,-225.839,-267.264,-216.159,-274.789,-202.537,-281.901,-190.438,-287.670,-179.970,-293.322,-169.907,-298.965,-159.915,-304.658,-149.458,-310.412,-138.434,-316.224,-126.856,-321.972,-115.880,-327.752,-104.610,-333.610,-92.596,-339.571,-79.625,-345.994,-62.311,-352.708,-42.255,-359.237,-23.939,-366.007,-3.366,-372.720,16.679,-379.361,36.048,-386.428,60.106,-393.208,113.546,-392.461,145.840,-390.597,171.361,-388.589,195.544,-386.365,217.683,-383.991,238.422,-381.647,259.436,-381.124,294.092,-383.639,327.961,-386.203,349.731,-388.460,359.525,-393.497,368.403,-397.753,387.368,-397.247,417.907,-396.197,451.065,-395.045,482.959,-394.077,506.940,-392.995,534.506,-390.849,557.345,-388.095,574.506,-385.180,590.164,-382.341,606.528,-379.188,619.943,-375.834,631.465,-372.644,644.530,-369.327,656.405,-365.837,666.671,-361.852,676.977,-356.218,690.520,-351.285,701.937,-347.340,711.947,-343.403,721.951,-337.855,734.549,-332.089,748.027,-324.590,762.482,-317.249,776.697,-308.153,793.085,-301.237,806.774,-293.318,821.704,-280.823,842.285,-271.315,857.951,-261.439,873.649,-248.496,893.097,-234.031,915.760,-223.816,931.358,-210.751,951.080,-191.826,970.096,-173.955,986.750,-157.404,1000.716,-142.946,1009.529,-131.510,1017.249,-121.813,1024.372,-108.184,1034.091,-93.770,1042.400,-80.506,1048.434,-67.689,1054.378,-53.663,1060.442,-40.181,1065.375,-20.015,1067.621,5.304,1067.103,18.491,1063.939,30.831,1060.672,43.249,1057.411,56.006,1053.765,69.901,1049.488,81.465,1046.073,93.181,1042.713,105.558,1038.047,118.556,1031.775,132.783,1024.436,148.562,1016.584,162.601,1010.116,175.259,1004.043,188.087,997.822,201.050,991.492,214.272,985.070,231.696,980.380,253.596,978.785,271.420,976.765,286.718,973.819,299.179,970.564,311.434,967.288,324.410,964.062,336.392,959.452,353.205,948.471,375.054,934.332,391.550,923.329,407.780,912.517,433.470,894.531,462.646,869.329,480.975,853.710,514.445,823.667,528.836,807.916,540.769,794.139,552.318,780.671,565.484,765.898,576.321,753.005,587.620,739.740,598.721,726.634,610.163,713.241,624.547,696.716,635.377,682.859,644.474,669.055,652.784,655.937,660.200,643.435,666.321,633.991,672.864,623.571,679.334,613.635,686.256,602.074,692.837,588.140,698.798,575.185,704.932,560.582,710.864,547.879,716.908,534.128,723.102,519.663,730.683,502.735,737.446,487.992,743.704,477.722,749.446,468.674,756.431,458.188,762.634,444.833,769.304,425.197,777.464,391.516,791.461,294.026,795.286,261.133,799.017,212.815,801.574,183.966,802.081,146.076,801.583,107.785,801.376,72.608,802.399,44.273,808.514,-40.107,808.686,-84.236,806.867,-110.188,805.030,-135.967,803.836,-167.791,803.099,-203.915,801.758,-234.356,799.200,-253.365,796.190,-268.128,792.562,-281.137,786.637,-293.777,780.957,-305.935,774.574,-318.965,768.776,-331.269,762.467,-344.206,752.376,-361.826,736.979,-385.993,725.895,-403.453,715.531,-420.038,688.612,-457.065,665.339,-486.046,656.287,-497.021,647.861,-505.408,637.729,-515.100,623.526,-528.283,615.001,-537.727,603.883,-547.273,594.624,-554.866,581.541,-565.137,568.220,-575.500,556.888,-584.385,545.769,-593.015,535.423,-599.869,525.903,-605.493,515.603,-611.434,504.092,-618.509,494.138,-624.280,483.873,-630.317,469.517,-637.642,456.737,-643.852,440.917,-651.404,429.086,-657.432,418.168,-663.174,405.373,-668.804
239.961,-565.413,219.873,-560.669,198.520,-555.561,160.236,-549.768,128.682,-543.654,113.457,-538.521,98.952,-533.415,84.335,-528.306,68.017,-522.585,48.667,-514.864,33.596,-508.749,16.235,-501.309,1.348,-495.757,-11.860,-489.235,-27.274,-478.998,-41.929,-469.472,-56.246,-460.285,-69.043,-452.987,-86.055,-442.400,-105.589,-428.882,-126.851,-413.679,-143.703,-399.307,-159.542,-378.683,-172.840,-360.262,-183.988,-343.248,-190.039,-328.382,-197.226,-312.301,-203.463,-297.786,-208.610,-285.369,-213.929,-271.889,-220.400,-256.914,-226.250,-241.429,-232.561,-225.164,-237.736,-212.227,-242.858,-200.173,-247.993,-188.158,-253.946,-173.218,-260.757,-157.807,-267.586,-145.137,-275.137,-132.478,-283.520,-119.011,-290.568,-107.032,-299.989,-91.510,-307.739,-78.595,-315.283,-66.125,-323.058,-50.434,-330.307,-35.172,-335.859,-23.892,-342.247,-11.127,-347.769,2.566,-352.893,15.835,-358.016,28.874,-363.138,40.813,-368.262,55.347,-373.388,74.648,-378.565,97.486,-385.813,144.497,-394.293,171.118,-404.458,188.298,-416.126,204.927,-426.706,218.436,-443.673,237.250,-451.258,247.096,-457.650,259.359,-464.438,272.421,-470.897,286.058,-478.659,303.254,-485.393,318.263,-490.760,329.352,-495.882,341.476,-501.005,355.079,-506.128,368.711,-511.251,382.340,-516.374,395.622,-521.497,409.393,-526.621,423.817,-531.747,442.896,-536.875,464.223,-542.002,484.642,-547.129,504.697,-551.986,542.447,-551.543,592.689,-546.610,626.272,-541.168,655.804,-534.766,675.313,-529.492,688.718,-523.183,705.129,-517.983,720.091,-513.437,732.151,-504.204,747.936,-494.418,764.141,-486.222,778.612,-475.673,795.507,-456.503,819.632,-428.066,847.901,-412.852,858.212,-398.583,867.310,-385.158,874.068,-368.228,882.210,-354.621,888.786,-340.625,895.179,-329.497,900.398,-316.501,906.303,-295.895,912.371,-276.734,917.078,-259.301,920.964,-235.958,926.018,-213.044,931.136,-194.647,935.415,-177.977,938.368,-147.960,943.024,-112.601,948.158,-75.026,953.021,-56.138,954.920,-45.725,955.217,-35.495,955.225,-25.180,955.586,-10.390,956.488,4.341,955.449,40.514,956.996,98.301,962.536,127.166,966.449,147.629,965.969,166.975,963.986,184.908,965.347,196.602,965.737,207.133,965.881,220.050,965.709,230.803,965.830,241.984,965.656,261.687,962.239,284.873,957.161,305.851,952.059,320.969,946.901,335.364,940.374,350.798,933.405,362.370,928.124,373.369,922.505,384.007,917.026,395.154,911.148,410.132,903.575,425.548,895.256,441.226,886.514,454.387,878.426,467.884,870.057,481.192,861.877,495.814,852.385,512.520,840.811,531.450,826.971,545.676,816.343,565.020,800.994,582.203,785.214,589.169,775.453,596.097,764.143,606.159,748.986,614.126,735.917,622.322,722.619,629.960,709.879,638.102,696.545,650.388,676.687,661.154,658.336,670.088,643.559,679.243,627.996,687.226,613.506,694.804,599.618,701.551,586.975,707.803,575.607,713.541,564.693,718.668,552.952,723.910,540.317,730.356,525.278,736.182,512.355,743.514,498.790,751.675,485.488,759.240,472.819,767.906,458.609,773.682,446.492,778.806,435.815,784.107,424.118,790.573,411.526,795.927,397.664,801.049,385.719,806.173,371.906,811.296,357.970,816.420,342.925,821.544,327.135,826.668,312.794,831.842,295.549,838.172,275.770,845.161,260.896,852.841,246.805,861.589,232.857,870.718,218.627,880.067,204.178,890.160,188.952,901.294,172.804,910.844,159.776,919.628,145.428,924.994,132.282,930.357,118.163,936.828,98.834,942.124,79.594,947.252,56.659,952.040,11.263,951.286,-62.223,946.311,-96.881,941.207,-115.251,936.103,-133.418,931.000,-151.437,925.894,-167.914,920.524,-183.429,913.390,-200.864,906.247,-217.169,898.687,-233.304,892.631,-245.082,885.026,-260.370,879.630,-271.441,874.521,-281.675,869.397,-291.969,863.065,-305.314,854.731,-322.009,841.648,-341.841,826.137,-363.209,816.828,-380.242,804.418,-398.898,771.509,-430.324,748.992,-446.861,731.522,-457.751,715.805,-466.206,700.879,-472.628,688.243,-477.833,674.171,-483.817,658.856,-490.629,643.557,-497.446,630.273,-503.555,618.635,-508.698,607.688,-513.819,593.613,-518.942,575.564,-523.794,559.872,-526.891,538.666,-531.689,512.661,-536.710,489.216,-540.577,455.765,-546.381,426.658,-550.870,393.756,-555.594,363.981,-559.995,335.762,-563.306,300.693,-567.144
248.428,-277.111,224.433,-277.212,215.526,-277.498,207.209,-277.060,195.004,-276.360,179.808,-275.302,163.706,-274.394,155.333,-273.917,143.042,-272.843,129.572,-271.595,118.856,-270.065,109.457,-268.391,100.430,-266.679,91.351,-265.093,84.498,-264.399,74.538,-261.519,65.368,-259.724,57.527,-257.887,49.349,-256.088,43.729,-254.015,36.965,-252.068,30.962,-250.038,24.066,-248.101,17.192,-246.150,9.817,-243.062,2.937,-239.901,-3.561,-237.048,-10.233,-234.051,-17.252,-230.923,-26.684,-226.956,-34.092,-223.753,-43.284,-219.876,-52.110,-215.630,-61.762,-211.257,-73.528,-202.819,-81.528,-195.919,-100.778,-178.261,-119.560,-160.879,-128.713,-153.693,-136.686,-146.808,-153.275,-132.055,-167.918,-120.038,-175.249,-111.761,-182.666,-103.346,-187.831,-96.758,-194.934,-88.600,-201.805,-80.626,-207.967,-72.693,-213.406,-64.689,-218.329,-56.323,-221.952,-50.194,-225.135,-45.202,-228.324,-40.215,-231.507,-35.228,-234.693,-30.241,-237.928,-24.791,-241.381,-17.236,-244.997,-8.183,-248.698,1.721,-252.704,14.515,-256.505,25.331,-260.277,35.933,-264.258,48.456,-268.055,59.268,-272.345,74.763,-276.937,93.099,-281.788,113.951,-287.316,141.199,-294.400,183.266,-305.069,268.167,-308.085,318.013,-307.011,333.075,-305.808,346.944,-304.599,360.753,-303.399,374.623,-302.195,388.511,-300.185,394.673,-298.192,401.025,-296.241,407.791,-294.306,414.662,-292.374,421.629,-290.338,427.552,-288.406,434.477,-286.475,441.434,-284.538,448.288,-282.138,454.823,-277.597,463.408,-273.527,471.408,-267.898,481.332,-262.680,490.753,-258.234,499.215,-246.126,517.126,-236.561,529.828,-225.910,543.232,-214.932,554.191,-207.214,559.137,-199.704,562.987,-193.244,566.326,-184.412,569.919,-176.701,573.388,-169.525,576.805,-161.907,580.267,-154.396,583.716,-148.162,587.036,-139.478,590.607,-131.433,594.115,-124.197,597.538,-116.757,600.979,-107.999,604.564,-99.581,608.108,-93.192,611.442,-83.900,615.081,-74.721,618.704,-66.266,622.258,-58.034,625.782,-47.887,629.511,-38.502,633.160,-23.012,637.447,0.679,642.603,19.821,647.268,36.031,650.723,47.003,653.226,55.765,654.904,68.402,657.646,90.556,662.222,106.530,666.148,123.985,669.426,150.053,674.802,185.997,679.653,227.883,681.672,239.970,682.381,245.437,682.634,262.300,683.004,278.293,682.037,291.523,681.149,302.705,680.907,314.941,680.125,326.249,679.739,338.600,678.388,351.729,677.515,358.769,676.819,370.377,675.402,383.300,674.103,394.877,672.659,407.176,671.290,416.654,669.629,424.036,667.742,431.857,665.905,438.880,663.983,447.197,662.194,454.857,659.793,463.276,656.459,472.818,652.027,480.937,648.706,490.917,643.684,501.017,637.919,512.803,630.782,521.281,626.310,528.878,620.828,537.368,614.170,555.973,596.972,563.057,588.830,568.288,582.187,575.022,574.326,581.349,566.798,587.391,559.492,592.201,552.417,598.034,543.307,602.218,536.323,605.476,530.706,608.840,524.465,613.559,517.049,617.374,509.213,620.834,501.590,624.363,493.368,627.902,484.998,631.229,478.671,634.687,471.107,638.248,462.518,641.561,456.343,645.169,447.326,648.809,438.020,652.494,428.294,656.109,419.196,659.920,408.283,663.826,396.443,667.862,383.361,672.097,368.414,676.019,356.396,681.282,331.673,687.836,293.121,694.786,218.188,694.989,191.008,694.522,170.183,694.126,148.628,693.230,131.847,691.466,123.337,689.606,115.693,687.820,107.405,686.053,98.891,684.071,92.426,682.130,85.606,680.408,76.648,678.512,69.397,676.701,61.313,674.757,54.483,672.821,47.616,670.959,39.997,669.188,31.551,667.423,23.035,665.356,17.354,662.426,9.506,657.380,-0.280,654.194,-7.191,651.001,-14.108,646.700,-22.408,641.138,-33.534,636.855,-42.350,632.137,-51.151,625.571,-62.236,618.132,-74.394,612.806,-83.950,606.262,-95.002,587.573,-120.255,565.169,-147.491,553.791,-161.513,526.382,-191.778,519.324,-197.026,513.157,-201.239,505.747,-205.904,497.246,-211.481,489.899,-213.353,476.640,-217.297,459.283,-221.783,443.821,-226.072,429.221,-230.265,413.721,-234.558,404.775,-237.808,399.024,-239.706,393.294,-241.519,381.092,-245.319,369.344,-249.217,358.046,-252.777,346.779,-256.746,333.736,-260.946,320.973,-264.946,311.488,-268.033,297.860,-270.274,270.838,-275.585
423.886,-931.051,374.057,-932.383,338.562,-932.702,299.831,-932.237,266.989,-931.075,229.970,-930.896,185.141,-936.898,140.030,-940.512,119.814,-938.093,103.848,-935.149,87.696,-932.225,72.264,-929.225,59.280,-925.967,47.566,-922.575,34.908,-919.284,21.774,-916.369,10.292,-914.196,-3.643,-910.960,-21.559,-904.085,-37.098,-895.792,-52.001,-887.919,-66.473,-880.395,-80.179,-873.181,-101.269,-855.508,-124.347,-835.480,-144.348,-818.816,-166.217,-797.092,-177.360,-782.761,-186.418,-770.889,-195.307,-759.507,-203.892,-748.033,-211.129,-736.897,-217.109,-727.579,-225.611,-714.388,-232.793,-703.333,-241.428,-690.039,-248.985,-677.778,-254.697,-667.872,-260.349,-658.204,-266.810,-646.621,-273.680,-635.038,-279.435,-625.495,-286.720,-611.976,-293.433,-595.483,-299.633,-580.582,-305.893,-565.108,-312.157,-549.597,-318.405,-534.237,-324.765,-517.814,-330.911,-503.423,-337.192,-488.572,-344.920,-470.792,-351.467,-455.957,-357.456,-443.065,-363.656,-428.154,-369.727,-414.474,-375.798,-400.786,-381.937,-386.459,-387.919,-373.617,-393.980,-360.034,-400.032,-346.531,-406.620,-327.943,-413.089,-310.490,-419.662,-292.048,-426.263,-273.339,-432.810,-255.144,-439.519,-235.410,-446.271,-215.272,-453.147,-193.958,-460.699,-166.231,-468.893,-132.423,-476.720,-99.340,-483.335,-66.520,-487.511,-23.703,-487.860,17.713,-492.748,79.794,-500.818,144.007,-507.978,199.345,-506.824,227.824,-508.499,271.936,-507.512,304.276,-511.179,344.477,-520.054,389.746,-527.458,434.448,-540.508,521.629,-547.277,576.823,-547.993,605.464,-546.332,632.804,-546.387,677.194,-545.634,713.926,-544.292,745.074,-543.047,777.146,-542.702,817.755,-541.366,851.904,-537.405,870.153,-533.655,884.795,-529.210,900.841,-525.159,917.650,-521.835,930.577,-518.441,942.305,-514.528,953.796,-510.162,966.996,-505.817,980.496,-500.821,996.998,-497.335,1008.966,-494.068,1021.872,-490.638,1033.319,-486.227,1047.082,-478.401,1062.878,-470.991,1077.215,-459.556,1096.071,-437.503,1124.389,-425.341,1139.344,-412.769,1154.994,-401.560,1167.878,-384.895,1183.807,-370.175,1196.826,-358.602,1205.956,-347.879,1214.032,-337.784,1220.909,-325.993,1228.089,-314.694,1234.588,-297.327,1244.274,-279.730,1252.025,-263.402,1258.391,-251.750,1264.695,-239.999,1272.581,-230.422,1279.076,-221.729,1284.634,-211.412,1290.967,-192.826,1299.957,-164.301,1307.906,-125.833,1316.217,-96.856,1320.413,-59.330,1323.892,-6.292,1328.173,35.087,1333.468,75.161,1341.580,167.146,1351.917,303.034,1365.601,361.064,1369.387,375.702,1366.364,390.133,1363.259,403.948,1360.088,418.149,1356.958,431.413,1353.716,442.666,1349.425,454.467,1345.245,466.615,1341.065,485.277,1335.074,499.610,1331.120,511.947,1327.788,524.773,1324.061,542.818,1312.612,607.217,1261.788,653.422,1221.115,662.559,1207.026,670.605,1194.765,683.870,1179.130,694.157,1165.844,700.519,1152.588,706.441,1140.319,712.500,1126.975,719.634,1112.164,726.570,1096.850,732.579,1083.827,738.460,1071.898,744.002,1056.085,751.113,1016.697,758.163,993.054,764.366,978.116,772.396,945.859,779.745,920.062,786.404,900.821,792.744,888.603,800.009,875.453,807.376,861.424,816.690,820.781,825.619,780.019,833.046,753.474,843.149,700.559,853.196,626.255,859.325,596.725,870.307,536.198,878.907,498.009,885.347,451.807,884.625,421.247,887.283,388.722,887.682,365.734,885.486,343.087,883.028,322.864,882.484,301.352,884.512,271.051,883.143,245.125,881.124,220.415,879.079,195.932,877.460,169.600,885.683,78.435,891.823,5.064,890.222,-21.965,888.375,-47.900,891.386,-93.438,899.469,-132.042,905.683,-164.741,906.490,-202.722,910.257,-247.200,917.612,-286.672,924.904,-327.373,930.780,-406.434,930.557,-447.843,928.178,-468.837,926.670,-488.520,925.646,-517.133,923.605,-541.612,921.123,-561.951,918.531,-581.258,915.198,-593.967,910.915,-607.772,906.939,-619.973,902.472,-633.670,897.622,-646.960,889.866,-661.877,883.591,-673.100,876.052,-686.503,864.717,-703.561,853.604,-718.567,841.167,-735.659,828.391,-745.753,816.542,-755.147,804.321,-767.343,790.766,-781.160,776.951,-792.896,762.734,-804.338,750.209,-814.628,738.369,-824.087,726.085,-834.094,713.026,-844.732,699.479,-853.594,688.368,-860.013,674.350,-868.524,663.106,-874.947,651.949,-880.754,639.689,-886.675,627.211,-892.618,613.344,-898.709,595.212,-905.249,570.127,-912.505,524.577,-920.355,495.388,-924.661
251.441,-544.511,226.667,-543.614,207.223,-541.971,187.700,-540.849,168.471,-539.630,156.539,-536.298,149.159,-533.467,141.786,-530.643,133.397,-527.917,123.190,-525.047,113.968,-520.904,104.657,-516.970,92.949,-511.769,81.082,-504.348,72.490,-498.892,60.428,-492.189,49.971,-486.824,38.921,-480.972,27.636,-474.927,14.774,-467.586,2.592,-460.282,-10.203,-451.019,-40.497,-428.802,-66.853,-405.256,-78.405,-392.537,-98.431,-372.850,-107.075,-362.516,-111.279,-355.831,-115.483,-349.147,-120.725,-341.277,-127.884,-330.830,-133.086,-322.890,-140.486,-310.790,-145.258,-303.366,-150.851,-294.845,-156.029,-284.847,-161.640,-273.656,-167.169,-262.632,-171.576,-253.882,-176.005,-244.852,-180.378,-236.387,-184.820,-227.211,-189.137,-219.327,-193.405,-211.939,-198.003,-201.170,-202.455,-191.895,-206.991,-181.759,-211.424,-172.685,-215.877,-163.404,-220.308,-154.343,-225.286,-139.693,-230.110,-126.619,-235.137,-111.471,-240.116,-96.806,-245.049,-82.611,-250.299,-65.180,-255.347,-49.817,-260.753,-30.781,-267.346,0.405,-273.446,36.116,-278.491,112.905,-281.163,166.961,-290.411,224.259,-313.471,234.478,-312.181,240.727,-308.866,247.404,-312.986,254.106,-318.449,261.898,-317.052,270.322,-299.662,274.522,-292.355,288.575,-291.270,314.099,-290.240,339.809,-288.929,357.981,-288.116,371.780,-285.817,384.038,-283.187,393.396,-280.603,403.239,-277.786,414.397,-274.090,427.850,-271.414,437.335,-268.903,447.910,-266.583,460.447,-264.324,473.591,-262.102,487.127,-259.814,499.988,-257.488,512.457,-254.857,521.804,-252.204,530.933,-249.595,540.505,-246.873,550.182,-242.971,562.185,-240.150,571.994,-237.447,580.603,-234.856,590.365,-232.057,597.999,-229.377,606.850,-226.586,614.563,-223.891,623.251,-221.116,631.144,-217.870,640.535,-214.157,651.500,-211.405,659.898,-208.677,668.254,-205.913,676.250,-203.259,685.358,-200.565,694.063,-197.691,701.886,-193.042,713.128,-187.505,723.877,-181.478,735.141,-175.192,746.714,-158.370,769.685,-144.015,787.081,-132.546,798.797,-124.999,808.017,-117.899,816.661,-112.891,822.754,-104.146,833.394,-91.215,848.341,-74.454,863.599,-63.903,871.755,-54.731,878.982,-44.655,887.313,-33.256,897.253,-25.824,902.315,-17.770,906.650,-10.616,910.895,-2.743,915.210,4.817,919.495,16.353,924.168,34.892,929.527,55.701,935.085,81.401,938.517,110.424,938.352,133.167,941.758,144.990,941.838,162.125,939.985,180.872,938.273,198.659,936.467,211.262,934.154,221.011,931.562,231.835,929.075,241.768,926.502,253.185,924.073,266.871,921.866,278.069,919.490,287.560,918.969,299.659,917.268,314.584,915.183,329.667,913.113,342.662,910.838,356.055,908.602,367.728,906.198,378.925,903.748,390.366,901.318,401.712,898.037,413.191,892.929,423.612,887.596,434.301,882.042,443.164,877.987,453.726,872.536,465.718,865.910,481.882,855.855,493.534,849.508,507.280,840.999,519.608,830.951,528.401,823.435,537.429,815.996,543.062,811.391,551.183,804.565,565.626,789.669,577.315,776.830,585.809,766.013,595.644,753.610,603.811,743.649,610.984,734.504,617.190,725.079,621.773,717.480,627.484,709.555,632.172,702.471,636.444,695.041,641.018,684.521,645.776,672.118,650.661,658.422,655.637,643.785,660.442,630.905,665.417,616.281,670.464,600.924,675.590,584.498,683.859,508.824,688.864,426.932,696.216,364.539,699.680,335.515,701.118,318.797,704.470,284.060,708.984,237.372,713.131,181.204,718.663,120.277,720.746,91.629,721.756,50.386,722.150,25.273,722.874,4.689,722.272,-25.117,721.396,-52.407,719.350,-67.740,717.322,-83.255,715.175,-97.554,712.736,-108.872,710.091,-119.036,706.011,-129.640,701.610,-139.013,697.345,-149.465,694.637,-162.986,692.361,-175.977,690.422,-192.399,688.008,-203.971,685.425,-213.807,683.058,-225.853,680.229,-234.128,674.424,-245.123,664.879,-260.668,656.765,-274.536,650.238,-288.664,644.746,-301.100,639.508,-311.442,630.037,-326.896,620.496,-342.434,607.808,-361.139,591.366,-382.642,571.481,-407.387,561.084,-416.238,550.886,-424.718,541.386,-432.348,529.161,-443.293,518.935,-451.806,503.888,-466.185,488.342,-480.746,476.930,-489.097,469.903,-493.406,459.293,-499.400,447.757,-504.499,434.245,-509.366,420.781,-514.228,399.055,-519.853,386.204,-522.762,364.106,-527.575,336.397,-533.828,294.347,-541.260
350.624,-349.805,340.775,-347.869,330.042,-345.825,320.285,-343.715,310.820,-342.708,303.572,-341.862,286.393,-341.111,268.851,-342.835,259.679,-345.414,246.158,-348.926,236.349,-349.996,228.164,-350.972,198.808,-353.679,185.590,-354.950,172.698,-355.478,160.904,-353.690,154.333,-351.821,147.791,-350.736,137.223,-348.491,127.484,-346.253,120.616,-345.081,114.250,-345.738,99.867,-345.780,89.645,-344.986,75.999,-343.273,62.975,-341.456,54.747,-339.877,47.237,-338.448,37.041,-335.260,27.047,-330.946,18.231,-326.548,9.342,-322.061,0.491,-317.610,-7.673,-314.008,-14.300,-310.405,-20.741,-307.857,-28.990,-303.896,-38.755,-298.689,-49.002,-293.080,-61.102,-284.480,-70.234,-274.558,-76.397,-266.676,-92.253,-250.825,-101.766,-240.188,-107.166,-232.891,-114.822,-221.815,-120.706,-213.144,-125.638,-206.268,-130.590,-199.379,-135.935,-192.168,-141.257,-184.975,-146.718,-177.621,-153.721,-167.028,-159.380,-158.421,-164.374,-150.266,-168.076,-144.302,-171.741,-138.471,-175.405,-132.640,-179.110,-126.402,-182.925,-119.031,-186.923,-109.793,-190.920,-100.559,-195.154,-88.916,-199.272,-78.446,-203.151,-70.420,-206.983,-62.883,-210.834,-55.143,-214.978,-44.407,-220.037,-24.325,-224.803,-7.230,-229.874,12.987,-235.122,35.001,-239.984,53.081,-245.143,76.743,-247.957,116.529,-248.370,152.271,-247.690,176.968,-246.190,193.269,-244.404,206.651,-243.694,227.330,-246.712,262.252,-245.907,282.993,-244.313,298.340,-242.603,312.497,-240.552,323.170,-238.706,335.932,-236.801,348.095,-234.622,357.459,-232.454,366.934,-230.329,376.853,-228.163,386.343,-225.756,394.757,-221.738,400.035,-217.192,405.522,-210.633,413.503,-206.117,419.054,-200.732,428.395,-196.965,438.982,-194.041,447.903,-190.395,458.946,-181.405,473.148,-174.701,481.333,-170.243,486.372,-165.159,492.674,-156.024,507.407,-149.479,519.468,-144.839,528.555,-141.107,538.058,-138.594,549.451,-136.537,560.080,-134.476,570.784,-129.458,584.662,-120.522,596.584,-109.644,609.800,-89.713,634.114,-82.560,642.987,-75.549,653.558,-69.775,661.961,-63.347,668.551,-54.082,675.807,-42.056,684.372,-33.026,690.210,-24.655,696.447,-17.290,701.774,-9.281,705.528,-0.123,709.912,7.524,713.789,16.955,717.806,24.221,721.611,34.140,725.676,43.220,729.658,51.208,733.529,61.343,736.879,70.052,739.911,81.404,743.607,90.189,746.031,98.815,748.720,119.815,753.738,145.170,757.039,186.216,761.568,233.897,766.997,252.853,767.801,261.938,765.622,271.285,763.441,281.137,761.080,291.101,757.613,298.949,754.376,307.492,751.286,314.789,748.334,324.387,744.640,333.544,741.258,340.174,738.766,348.415,735.296,358.275,731.015,366.590,727.059,377.721,722.009,386.254,718.518,394.731,714.622,405.362,708.701,418.806,699.808,437.923,685.344,456.117,672.224,471.759,660.753,481.949,651.738,490.056,641.890,499.413,630.294,504.452,623.300,508.168,617.422,513.262,609.673,518.672,601.647,523.168,594.616,528.580,586.371,534.082,579.010,541.624,569.993,549.962,560.321,558.545,550.449,567.797,540.023,576.353,529.628,582.510,520.312,588.102,510.384,593.704,501.179,600.026,491.738,604.321,482.016,608.717,468.713,613.195,454.561,617.754,439.584,622.198,425.787,626.757,410.810,631.458,394.366,636.703,361.469,638.436,318.793,641.150,265.686,646.288,233.474,650.665,221.861,654.925,205.627,653.826,189.988,652.060,177.292,653.963,151.531,653.771,129.576,652.618,113.810,653.440,94.042,652.783,70.219,651.319,53.550,649.996,35.430,649.000,13.972,647.820,-5.603,646.603,-24.808,645.191,-42.009,643.030,-51.558,640.778,-60.171,638.480,-68.324,636.246,-77.122,633.929,-85.076,631.504,-91.915,629.038,-98.346,626.572,-104.776,624.106,-111.207,621.416,-118.059,617.148,-129.643,614.066,-138.847,610.539,-148.262,607.945,-155.635,604.543,-165.737,601.875,-173.309,599.227,-180.807,595.814,-190.941,593.170,-197.912,588.246,-208.637,583.417,-218.453,576.813,-231.008,569.602,-244.572,560.625,-255.011,549.351,-265.318,538.683,-274.867,528.594,-283.684,515.973,-294.358,507.501,-299.530,499.552,-303.904,489.056,-309.219,480.904,-313.562,474.502,-317.283,465.482,-321.263,455.038,-325.778,446.376,-329.360,430.177,-333.995,406.759,-339.376,389.800,-343.428,379.296,-344.939,361.984,-348.698
274.394,-647.621,259.212,-645.256,244.676,-642.563,231.895,-639.690,220.784,-636.648,209.329,-633.640,197.597,-630.661,186.139,-627.654,175.260,-624.588,163.790,-621.582,152.327,-618.576,141.706,-615.483,132.198,-612.239,121.064,-608.005,109.121,-603.203,95.744,-598.494,83.093,-593.989,71.607,-590.405,59.840,-586.051,48.890,-580.979,34.252,-574.007,22.907,-568.201,12.087,-563.045,-0.640,-556.457,-13.872,-549.458,-27.464,-542.160,-40.542,-534.450,-50.843,-526.789,-69.395,-513.057,-84.110,-502.364,-111.826,-482.204,-129.672,-467.314,-151.782,-450.577,-171.019,-433.241,-183.863,-421.444,-203.066,-404.200,-223.324,-384.005,-241.913,-365.063,-252.509,-352.637,-264.266,-339.263,-270.894,-329.653,-276.501,-320.255,-282.718,-311.352,-287.900,-303.004,-294.756,-289.055,-301.057,-276.077,-308.301,-264.829,-314.950,-255.345,-322.644,-244.124,-328.635,-234.582,-334.860,-224.990,-339.961,-216.244,-345.535,-206.555,-354.706,-192.355,-361.245,-182.184,-368.095,-171.279,-377.256,-157.633,-383.543,-148.250,-389.679,-138.872,-397.824,-126.347,-406.031,-113.351,-411.580,-101.886,-416.923,-90.402,-422.348,-78.101,-427.786,-65.679,-433.783,-47.001,-438.862,-25.982,-445.566,2.829,-449.667,23.975,-451.264,39.308,-452.424,52.486,-452.983,87.181,-452.762,125.935,-451.262,152.195,-449.342,174.339,-447.373,195.996,-445.461,218.208,-443.403,238.994,-441.408,260.396,-439.324,280.917,-437.204,301.091,-434.962,320.070,-432.381,335.716,-429.387,347.296,-426.321,358.177,-423.313,369.632,-420.305,381.079,-417.227,391.883,-413.527,402.584,-409.060,413.681,-403.756,426.691,-400.203,437.466,-397.051,447.518,-393.798,456.552,-390.679,466.919,-387.600,477.666,-384.335,488.739,-379.395,503.920,-375.705,516.358,-372.354,525.342,-367.878,536.748,-363.101,551.247,-358.288,567.767,-352.397,583.071,-348.519,593.774,-343.309,605.714,-338.039,618.199,-333.927,626.877,-328.538,640.259,-321.731,656.353,-317.045,667.398,-313.074,678.796,-309.410,691.584,-306.286,701.999,-303.120,712.039,-299.181,723.061,-294.748,733.654,-290.478,743.540,-286.104,753.556,-281.370,764.694,-276.449,776.506,-272.769,785.695,-267.757,796.489,-257.623,813.566,-243.685,835.309,-231.281,855.074,-224.226,866.372,-206.543,891.129,-168.069,938.235,-143.207,964.311,-130.601,972.198,-120.858,977.414,-108.708,983.870,-97.110,990.563,-86.866,996.666,-75.196,1002.078,-61.504,1008.715,-48.685,1014.674,-36.815,1018.368,-14.970,1024.037,8.266,1029.862,39.451,1035.501,116.216,1046.308,186.232,1053.059,243.768,1056.368,266.349,1056.618,293.178,1055.246,324.495,1054.260,351.536,1052.839,370.677,1050.614,388.369,1048.241,408.741,1046.141,423.089,1043.429,437.671,1040.739,452.255,1038.051,466.831,1035.290,479.451,1030.144,494.883,1021.368,520.897,1003.194,531.669,994.568,555.555,973.895,578.532,951.497,589.367,940.202,596.849,931.957,602.297,923.725,609.048,913.047,616.781,900.448,626.492,885.681,633.761,874.155,639.017,864.831,644.631,855.699,651.048,844.515,656.984,834.046,664.879,820.680,670.333,811.029,675.458,801.684,680.608,792.096,686.091,782.839,694.048,769.269,699.723,759.875,704.968,750.863,711.545,740.002,717.255,726.948,722.851,712.968,728.493,698.538,734.112,684.342,739.649,670.944,745.299,656.438,750.928,642.132,756.511,628.288,762.016,615.206,767.529,602.039,772.936,589.925,778.434,576.911,783.825,564.951,789.191,553.230,794.608,541.016,799.992,529.119,805.335,517.623,810.914,503.822,817.056,484.475,823.140,465.708,829.327,445.927,836.449,416.955,845.965,364.458,855.196,310.879,861.688,255.709,873.558,125.077,885.068,-13.923,886.290,-66.751,885.789,-102.825,885.084,-136.899,884.328,-170.475,883.337,-201.744,880.928,-220.676,877.226,-238.142,874.370,-252.943,871.589,-266.623,868.882,-281.026,865.864,-293.791,860.865,-310.075,855.746,-322.567,848.890,-340.120,843.726,-353.457,839.282,-363.624,834.739,-373.713,828.940,-383.428,816.399,-402.860,799.597,-427.355,787.101,-443.214,770.385,-462.250,749.799,-484.945,729.222,-507.742,712.142,-524.458,695.910,-539.724,684.250,-549.380,673.566,-557.823,662.299,-565.318,649.484,-571.287,634.011,-577.037,589.409,-585.751,553.967,-593.531,524.460,-600.708,500.836,-607.286,477.500,-613.835,454.791,-620.042,434.265,-624.341,397.907,-631.969,340.565,-641.715
165.064,-691.046,139.890,-690.546,111.071,-690.214,85.927,-689.480,71.168,-687.600,56.728,-684.871,43.373,-682.018,31.350,-679.838,20.206,-677.571,7.611,-675.461,-2.629,-672.677,-13.161,-668.603,-24.200,-663.878,-33.282,-660.382,-41.702,-656.771,-49.155,-653.931,-58.085,-649.909,-67.843,-645.738,-80.436,-640.930,-90.410,-636.399,-98.593,-632.974,-110.816,-626.307,-122.840,-619.799,-133.495,-614.390,-143.738,-609.312,-155.057,-603.317,-172.612,-589.674,-187.340,-576.943,-196.912,-567.699,-204.265,-559.233,-208.674,-551.033,-212.983,-543.527,-217.453,-534.552,-221.972,-525.137,-226.324,-517.233,-230.792,-508.277,-235.606,-496.165,-240.454,-483.734,-245.388,-470.520,-250.198,-458.441,-255.006,-446.379,-259.711,-435.253,-264.511,-423.266,-269.330,-411.105,-274.053,-399.817,-278.950,-386.940,-284.333,-369.627,-289.803,-351.520,-295.284,-333.312,-300.629,-316.340,-306.004,-299.099,-311.648,-279.401,-317.436,-258.386,-323.615,-230.708,-328.001,-210.976,-334.930,-178.925,-341.540,-150.405,-346.973,-128.482,-350.020,-112.816,-352.191,-99.610,-358.791,-66.920,-366.117,-31.858,-371.214,-17.160,-379.684,28.351,-392.451,113.125,-399.315,150.121,-410.767,239.181,-420.297,311.500,-428.755,375.240,-433.300,410.294,-439.036,450.531,-446.649,507.006,-449.306,532.071,-453.266,567.288,-462.536,663.157,-461.817,688.008,-459.903,702.376,-457.959,716.473,-456.018,730.598,-453.763,741.851,-451.242,750.905,-447.837,761.676,-444.897,771.646,-442.442,781.097,-439.796,788.779,-437.278,797.631,-434.743,806.328,-432.178,814.839,-428.945,824.676,-425.389,833.611,-421.433,843.881,-417.248,853.383,-413.037,862.696,-408.955,873.191,-404.721,882.840,-400.023,894.099,-396.708,901.393,-389.888,910.389,-375.375,928.157,-361.400,945.570,-352.770,956.360,-344.547,965.184,-336.484,970.816,-329.833,975.183,-322.137,980.852,-313.974,986.506,-302.334,994.320,-292.779,999.727,-283.486,1004.236,-272.812,1008.892,-262.669,1013.490,-252.057,1018.139,-241.380,1022.796,-229.003,1027.638,-204.619,1033.795,-176.704,1040.339,-150.318,1046.653,-132.422,1050.259,-125.162,1051.395,-115.826,1053.612,-102.505,1055.011,-94.667,1054.584,-87.754,1055.167,-80.379,1056.048,-61.375,1058.246,113.014,1074.928,207.764,1082.019,222.752,1082.163,242.699,1081.245,259.563,1080.971,272.167,1080.603,287.108,1080.347,300.061,1078.507,317.414,1076.425,337.951,1074.055,351.530,1073.074,367.008,1070.684,382.138,1068.391,394.104,1066.213,401.990,1063.589,410.813,1060.807,420.523,1057.036,430.809,1053.483,440.855,1050.130,450.565,1046.448,461.180,1042.247,470.790,1035.926,481.861,1027.045,490.075,1020.359,509.847,1004.366,523.924,992.736,535.131,982.465,560.245,959.981,581.410,939.853,590.989,928.867,599.950,917.333,606.994,908.385,613.112,900.332,619.972,891.683,626.483,883.314,632.380,875.433,638.361,866.498,643.125,856.217,647.674,846.519,652.314,835.990,656.916,825.811,661.495,815.861,666.644,805.656,672.729,791.953,677.545,780.037,682.050,770.746,686.879,758.489,691.575,747.450,696.421,735.044,701.190,723.331,705.971,711.523,710.863,698.687,715.580,687.459,720.393,675.346,725.265,662.701,730.394,647.701,735.409,630.245,739.017,617.924,743.705,601.804,747.822,585.757,753.350,566.819,759.718,540.508,767.203,504.003,775.099,463.735,783.845,415.699,794.633,347.442,811.671,195.823,814.488,172.251,817.833,141.825,819.270,128.738,822.724,106.101,833.384,14.493,855.989,-191.570,857.773,-209.451,859.831,-225.690,860.733,-236.107,861.724,-244.270,862.505,-252.131,863.700,-260.165,864.871,-272.828,865.595,-282.055,866.399,-289.232,867.755,-300.606,866.661,-317.295,865.149,-335.327,863.422,-350.868,862.339,-361.570,860.690,-374.923,858.682,-388.433,855.955,-398.775,852.675,-411.957,850.007,-420.605,845.657,-429.991,839.830,-442.206,829.618,-454.371,814.910,-475.254,796.251,-495.803,774.439,-516.937,761.115,-525.074,751.648,-532.204,742.361,-539.858,731.488,-549.488,721.119,-558.491,712.578,-564.884,700.823,-569.696,683.810,-575.046,665.331,-580.557,648.757,-585.859,632.217,-591.157,619.298,-596.058,606.842,-600.910,592.285,-605.991,580.754,-610.741,569.003,-615.514,551.946,-620.869,528.685,-626.903,507.165,-632.747,483.427,-638.833,455.906,-645.334,426.983,-651.988,399.468,-658.488,359.358,-666.367,323.213,-673.743,209.130,-687.704
258.363,-496.105,233.012,-495.589,213.580,-494.217,203.932,-491.805,191.476,-489.050,179.035,-485.933,169.359,-483.510,160.989,-480.798,149.511,-477.254,139.350,-474.729,131.778,-472.099,123.817,-469.457,108.623,-464.202,95.507,-458.733,85.881,-454.935,76.408,-450.396,64.996,-443.934,57.191,-438.328,43.658,-430.231,28.228,-420.395,13.814,-408.932,4.049,-401.589,-7.907,-392.190,-19.717,-381.750,-34.795,-367.405,-43.892,-358.944,-51.330,-350.927,-60.219,-340.467,-66.011,-332.678,-70.655,-325.193,-76.760,-315.491,-83.012,-305.152,-91.349,-294.170,-106.217,-279.012,-118.145,-262.298,-124.332,-252.554,-128.585,-245.991,-133.918,-238.576,-140.686,-230.003,-148.081,-220.774,-152.484,-212.741,-156.759,-204.813,-161.015,-197.057,-165.567,-187.273,-171.668,-175.433,-177.894,-164.147,-182.596,-154.471,-187.316,-142.353,-191.853,-131.945,-196.517,-120.352,-201.333,-107.318,-205.845,-97.150,-210.569,-84.987,-215.244,-73.281,-219.937,-61.413,-224.573,-50.076,-229.274,-38.098,-232.878,-28.553,-236.054,-15.775,-241.117,-0.048,-247.020,23.230,-254.436,60.763,-261.471,94.713,-269.328,136.401,-276.680,173.373,-281.905,199.693,-285.422,233.392,-289.425,296.833,-291.063,334.735,-291.942,361.901,-291.247,380.631,-289.966,392.299,-288.443,410.187,-287.056,429.475,-285.588,447.993,-284.252,467.763,-282.781,486.293,-279.884,497.753,-276.664,508.885,-274.039,516.639,-271.412,524.239,-268.866,532.607,-266.321,541.124,-263.009,551.548,-259.959,561.402,-257.423,570.427,-252.929,582.418,-245.236,596.163,-237.095,609.665,-229.260,622.566,-220.205,637.609,-203.093,662.602,-191.256,679.466,-170.321,707.282,-157.003,721.367,-145.313,731.998,-137.902,738.333,-130.692,745.479,-118.596,754.974,-109.864,762.874,-101.834,769.384,-95.272,773.663,-87.428,779.527,-77.909,787.011,-68.747,793.158,-61.318,798.449,-52.656,804.728,-43.307,811.223,-35.823,816.614,-27.901,822.575,-20.324,828.110,-11.657,834.994,-3.987,840.643,5.030,847.959,13.525,854.341,24.796,859.330,41.860,864.575,57.280,869.649,71.588,877.483,79.995,883.455,90.758,886.719,103.862,892.673,113.707,888.278,136.116,889.517,164.033,895.574,177.631,898.907,195.884,899.689,211.603,896.624,222.846,894.181,232.247,891.745,242.782,889.429,251.893,886.962,261.758,884.575,272.539,881.971,284.588,878.536,292.069,875.826,299.453,873.124,309.519,869.489,322.027,865.070,337.052,859.207,345.205,855.189,356.984,847.286,369.036,840.621,391.099,825.615,426.553,797.324,437.750,787.007,446.364,778.868,454.690,770.976,461.475,761.998,472.097,750.293,479.364,741.310,489.867,729.016,502.833,713.898,511.743,702.834,517.789,694.822,523.259,686.420,527.572,679.202,533.375,670.420,540.215,659.949,545.799,650.716,550.846,643.429,556.945,634.307,561.967,626.775,566.360,620.118,572.014,611.890,577.907,602.486,584.257,592.583,588.741,583.366,593.525,570.635,598.406,556.993,603.014,545.921,607.694,534.173,612.409,522.091,617.036,510.845,621.669,499.537,626.517,486.204,632.458,462.564,638.424,438.700,644.416,414.578,650.633,388.340,656.799,362.590,663.352,333.185,675.636,249.129,680.828,210.426,683.393,178.056,682.047,159.391,680.034,141.094,677.531,121.832,675.788,105.630,673.574,94.137,671.517,81.159,669.359,69.138,667.133,57.759,665.036,45.164,662.749,34.360,660.201,25.858,656.807,13.415,652.426,-1.764,647.712,-14.774,644.993,-23.244,641.533,-33.964,638.700,-43.945,636.044,-51.282,633.470,-59.383,630.895,-67.475,628.362,-75.957,625.745,-84.838,622.105,-98.006,618.633,-108.873,614.747,-120.360,610.678,-131.160,605.951,-142.494,601.773,-151.933,597.722,-162.262,593.653,-171.229,590.763,-178.645,587.377,-186.676,583.947,-194.763,580.119,-203.917,573.711,-216.937,569.499,-226.024,562.105,-239.015,556.556,-249.721,551.581,-259.719,543.396,-273.688,533.817,-289.381,522.069,-307.756,510.403,-325.203,500.791,-337.490,490.453,-348.556,484.640,-355.506,479.990,-361.529,475.440,-366.879,468.610,-375.528,461.542,-384.177,454.379,-393.149,448.855,-399.984,441.527,-408.779,422.698,-428.588,403.218,-446.570,392.751,-453.738,385.041,-458.849,377.445,-463.112,369.584,-468.332,360.476,-473.688,347.827,-479.788,336.463,-484.509,312.797,-490.374,281.196,-494.638
